CD000996 0 10325928 1 4.03682922605212 2019_official_m10p100f10t20p1m10 0
CD000996 0 8745755 2 3.57385815275344 2019_official_m10p100f10t20p1m10 0
CD000996 0 10612158 3 3.45534324929204 2019_official_m10p100f10t20p1m10 0
CD000996 0 9713457 4 3.45534324929204 2019_official_m10p100f10t20p1m10 0
CD000996 0 27329097 5 3.44107928156352 2019_official_m10p100f10t20p1m10 0
CD000996 0 28065254 6 3.39898533005732 2019_official_m10p100f10t20p1m10 0
CD000996 0 21300218 7 3.25307355806731 2019_official_m10p100f10t20p1m10 0
CD000996 0 7953501 8 3.24042763070187 2019_official_m10p100f10t20p1m10 0
CD000996 0 3107762 9 3.15458614395801 2019_official_m10p100f10t20p1m10 0
CD000996 0 19323585 10 3.15458614395801 2019_official_m10p100f10t20p1m10 0
CD000996 0 11560305 11 80.381513884364 2019_official_m10p100f10t20p1m10 0
CD000996 0 11560305 11 80.381513884364 2019_official_m10p100f10t20p1m10 0
CD000996 0 8428430 12 78.3643007678837 2019_official_m10p100f10t20p1m10 0
CD000996 0 8428430 12 78.3643007678837 2019_official_m10p100f10t20p1m10 0
CD000996 0 16473820 13 75.0636589721872 2019_official_m10p100f10t20p1m10 0
CD000996 0 16473820 13 75.0636589721872 2019_official_m10p100f10t20p1m10 0
CD000996 0 18023137 14 74.8144376466701 2019_official_m10p100f10t20p1m10 0
CD000996 0 18023137 14 74.8144376466701 2019_official_m10p100f10t20p1m10 0
CD000996 0 18837683 15 74.6187273418273 2019_official_m10p100f10t20p1m10 0
CD000996 0 18837683 15 74.6187273418273 2019_official_m10p100f10t20p1m10 0
CD000996 0 10390974 16 137.30996363107 2019_official_m10p100f10t20p1m10 0
CD000996 0 10390974 16 137.30996363107 2019_official_m10p100f10t20p1m10 0
CD000996 0 23889240 17 130.510576423351 2019_official_m10p100f10t20p1m10 0
CD000996 0 23889240 17 130.510576423351 2019_official_m10p100f10t20p1m10 0
CD000996 0 24433801 18 130.287654923553 2019_official_m10p100f10t20p1m10 0
CD000996 0 24433801 18 130.287654923553 2019_official_m10p100f10t20p1m10 0
CD000996 0 16802778 19 138.319766452252 2019_official_m10p100f10t20p1m10 0
CD000996 0 16802778 19 138.319766452252 2019_official_m10p100f10t20p1m10 0
CD000996 0 22455941 20 140.078225844814 2019_official_m10p100f10t20p1m10 0
CD000996 0 22455941 20 140.078225844814 2019_official_m10p100f10t20p1m10 0
CD001261 0 3492750 1 5.98697599919979 2019_official_m10p100f10t20p1m10 0
CD001261 0 4957973 2 5.46712150344896 2019_official_m10p100f10t20p1m10 0
CD001261 0 21301672 3 4.34523463877108 2019_official_m10p100f10t20p1m10 0
CD001261 0 16231259 4 4.20153775266182 2019_official_m10p100f10t20p1m10 0
CD001261 0 984617 5 4.06704073737396 2019_official_m10p100f10t20p1m10 0
CD001261 0 16887737 6 3.95451670965624 2019_official_m10p100f10t20p1m10 0
CD001261 0 10689239 7 3.94088749610518 2019_official_m10p100f10t20p1m10 0
CD001261 0 26920587 8 3.94088749610518 2019_official_m10p100f10t20p1m10 0
CD001261 0 21676350 9 3.9273519058561 2019_official_m10p100f10t20p1m10 0
CD001261 0 359524 10 3.91390897751971 2019_official_m10p100f10t20p1m10 0
CD001261 0 683932 11 70.1384205969105 2019_official_m10p100f10t20p1m10 0
CD001261 0 683932 11 70.1384205969105 2019_official_m10p100f10t20p1m10 0
CD001261 0 24399343 12 69.5708368868458 2019_official_m10p100f10t20p1m10 0
CD001261 0 24399343 12 69.5708368868458 2019_official_m10p100f10t20p1m10 0
CD001261 0 12615383 13 68.6001383526248 2019_official_m10p100f10t20p1m10 0
CD001261 0 12615383 13 68.6001383526248 2019_official_m10p100f10t20p1m10 0
CD001261 0 7136294 14 68.1001080795714 2019_official_m10p100f10t20p1m10 0
CD001261 0 7136294 14 68.1001080795714 2019_official_m10p100f10t20p1m10 0
CD001261 0 27337467 15 67.5366312831551 2019_official_m10p100f10t20p1m10 0
CD001261 0 27337467 15 67.5366312831551 2019_official_m10p100f10t20p1m10 0
CD001261 0 4679478 16 129.071333095008 2019_official_m10p100f10t20p1m10 0
CD001261 0 4679478 16 129.071333095008 2019_official_m10p100f10t20p1m10 0
CD001261 0 12864957 17 126.31784450469 2019_official_m10p100f10t20p1m10 0
CD001261 0 12864957 17 126.31784450469 2019_official_m10p100f10t20p1m10 0
CD001261 0 19188129 18 124.313804566321 2019_official_m10p100f10t20p1m10 0
CD001261 0 19188129 18 124.313804566321 2019_official_m10p100f10t20p1m10 0
CD001261 0 20014951 19 138.416452289674 2019_official_m10p100f10t20p1m10 0
CD001261 0 20014951 19 138.416452289674 2019_official_m10p100f10t20p1m10 0
CD001261 0 12244657 20 140.962797841713 2019_official_m10p100f10t20p1m10 0
CD001261 0 12244657 20 140.962797841713 2019_official_m10p100f10t20p1m10 0
CD004414 0 19202672 1 8.00261420923506 2019_official_m10p100f10t20p1m10 0
CD004414 0 17101004 2 7.90249724258799 2019_official_m10p100f10t20p1m10 0
CD004414 0 16650095 3 7.7442654136713 2019_official_m10p100f10t20p1m10 1
CD004414 0 17312364 4 14.7553837857917 2019_official_m10p100f10t20p1m10 0
CD004414 0 15573643 5 13.0158382114407 2019_official_m10p100f10t20p1m10 1
CD004414 0 15186378 6 22.557581695912 2019_official_m10p100f10t20p1m10 0
CD004414 0 20199550 7 20.9046218457871 2019_official_m10p100f10t20p1m10 0
CD004414 0 20456103 8 19.3395790687404 2019_official_m10p100f10t20p1m10 0
CD004414 0 14641355 9 18.6362412100968 2019_official_m10p100f10t20p1m10 0
CD004414 0 18972125 10 18.5623551132716 2019_official_m10p100f10t20p1m10 1
CD004414 0 20536474 11 47.6510177444415 2019_official_m10p100f10t20p1m10 0
CD004414 0 20536474 11 47.6510177444415 2019_official_m10p100f10t20p1m10 0
CD004414 0 19804591 12 43.6322587396334 2019_official_m10p100f10t20p1m10 1
CD004414 0 19804591 12 43.6322587396334 2019_official_m10p100f10t20p1m10 1
CD004414 0 19438864 13 71.1682739355622 2019_official_m10p100f10t20p1m10 0
CD004414 0 19438864 13 71.1682739355622 2019_official_m10p100f10t20p1m10 0
CD004414 0 16426292 14 58.4822989145053 2019_official_m10p100f10t20p1m10 0
CD004414 0 16426292 14 58.4822989145053 2019_official_m10p100f10t20p1m10 0
CD004414 0 25431315 15 54.6988763256397 2019_official_m10p100f10t20p1m10 1
CD004414 0 25431315 15 54.6988763256397 2019_official_m10p100f10t20p1m10 1
CD004414 0 24828091 16 69.9811545307163 2019_official_m10p100f10t20p1m10 1
CD004414 0 24828091 16 69.9811545307163 2019_official_m10p100f10t20p1m10 1
CD004414 0 21867490 17 60.1173200686098 2019_official_m10p100f10t20p1m10 1
CD004414 0 21867490 17 60.1173200686098 2019_official_m10p100f10t20p1m10 1
CD004414 0 26987818 18 52.134102058608 2019_official_m10p100f10t20p1m10 0
CD004414 0 26987818 18 52.134102058608 2019_official_m10p100f10t20p1m10 0
CD004414 0 26573488 19 51.1937514945143 2019_official_m10p100f10t20p1m10 1
CD004414 0 26573488 19 51.1937514945143 2019_official_m10p100f10t20p1m10 1
CD004414 0 20807407 20 41.530520254809 2019_official_m10p100f10t20p1m10 0
CD004414 0 20807407 20 41.530520254809 2019_official_m10p100f10t20p1m10 0
CD006468 0 2618981 1 10.8181969370246 2019_official_m10p100f10t20p1m10 0
CD006468 0 14980999 2 10.3280989455235 2019_official_m10p100f10t20p1m10 0
CD006468 0 27766659 3 10.1241644669512 2019_official_m10p100f10t20p1m10 0
CD006468 0 3039833 4 9.88029896609562 2019_official_m10p100f10t20p1m10 0
CD006468 0 16340833 5 9.5262321148321 2019_official_m10p100f10t20p1m10 0
CD006468 0 14870792 6 9.42619271088702 2019_official_m10p100f10t20p1m10 0
CD006468 0 15334865 7 9.00581860074059 2019_official_m10p100f10t20p1m10 0
CD006468 0 16131048 8 8.90848534021847 2019_official_m10p100f10t20p1m10 0
CD006468 0 16044753 9 8.89320030405712 2019_official_m10p100f10t20p1m10 1
CD006468 0 19009679 10 20.8346884588781 2019_official_m10p100f10t20p1m10 0
CD006468 0 23542046 11 15.3068706053222 2019_official_m10p100f10t20p1m10 0
CD006468 0 23542046 11 15.3068706053222 2019_official_m10p100f10t20p1m10 0
CD006468 0 10646078 12 14.6830129214178 2019_official_m10p100f10t20p1m10 1
CD006468 0 10646078 12 14.6830129214178 2019_official_m10p100f10t20p1m10 1
CD006468 0 11680834 13 33.6727800331225 2019_official_m10p100f10t20p1m10 0
CD006468 0 11680834 13 33.6727800331225 2019_official_m10p100f10t20p1m10 0
CD006468 0 16080578 14 33.1953786209696 2019_official_m10p100f10t20p1m10 1
CD006468 0 16080578 14 33.1953786209696 2019_official_m10p100f10t20p1m10 1
CD006468 0 10569501 15 78.2647179024477 2019_official_m10p100f10t20p1m10 0
CD006468 0 10569501 15 78.2647179024477 2019_official_m10p100f10t20p1m10 0
CD006468 0 11885848 16 77.9519131083517 2019_official_m10p100f10t20p1m10 1
CD006468 0 11885848 16 77.9519131083517 2019_official_m10p100f10t20p1m10 1
CD006468 0 16369969 17 54.6553204845704 2019_official_m10p100f10t20p1m10 0
CD006468 0 16369969 17 54.6553204845704 2019_official_m10p100f10t20p1m10 0
CD006468 0 9198142 18 53.7640350226047 2019_official_m10p100f10t20p1m10 0
CD006468 0 9198142 18 53.7640350226047 2019_official_m10p100f10t20p1m10 0
CD006468 0 22703114 19 50.3148552486259 2019_official_m10p100f10t20p1m10 0
CD006468 0 22703114 19 50.3148552486259 2019_official_m10p100f10t20p1m10 0
CD006468 0 15639113 20 49.8667690119394 2019_official_m10p100f10t20p1m10 0
CD006468 0 15639113 20 49.8667690119394 2019_official_m10p100f10t20p1m10 0
CD007867 0 25629747 1 8.89617122851006 2019_official_m10p100f10t20p1m10 0
CD007867 0 25629748 2 8.89617122851006 2019_official_m10p100f10t20p1m10 0
CD007867 0 25629749 3 8.89617122851006 2019_official_m10p100f10t20p1m10 0
CD007867 0 25629750 4 8.89617122851006 2019_official_m10p100f10t20p1m10 0
CD007867 0 26275119 5 8.20516834186335 2019_official_m10p100f10t20p1m10 0
CD007867 0 11882397 6 7.90550712682622 2019_official_m10p100f10t20p1m10 1
CD007867 0 26084508 7 24.4011709783242 2019_official_m10p100f10t20p1m10 0
CD007867 0 23169899 8 22.5947181689365 2019_official_m10p100f10t20p1m10 0
CD007867 0 22411521 9 18.188109823853 2019_official_m10p100f10t20p1m10 0
CD007867 0 22309755 10 17.7045550579397 2019_official_m10p100f10t20p1m10 0
CD007867 0 1395657 11 103.814857436404 2019_official_m10p100f10t20p1m10 0
CD007867 0 1395657 11 103.814857436404 2019_official_m10p100f10t20p1m10 0
CD007867 0 21224435 12 95.0344973461576 2019_official_m10p100f10t20p1m10 0
CD007867 0 21224435 12 95.0344973461576 2019_official_m10p100f10t20p1m10 0
CD007867 0 21531737 13 94.1520671904199 2019_official_m10p100f10t20p1m10 0
CD007867 0 21531737 13 94.1520671904199 2019_official_m10p100f10t20p1m10 0
CD007867 0 20495781 14 90.1372316812323 2019_official_m10p100f10t20p1m10 0
CD007867 0 20495781 14 90.1372316812323 2019_official_m10p100f10t20p1m10 0
CD007867 0 17119168 15 90.1149738657876 2019_official_m10p100f10t20p1m10 0
CD007867 0 17119168 15 90.1149738657876 2019_official_m10p100f10t20p1m10 0
CD007867 0 25080456 16 88.111394996726 2019_official_m10p100f10t20p1m10 0
CD007867 0 25080456 16 88.111394996726 2019_official_m10p100f10t20p1m10 0
CD007867 0 24990423 17 88.039863511578 2019_official_m10p100f10t20p1m10 0
CD007867 0 24990423 17 88.039863511578 2019_official_m10p100f10t20p1m10 0
CD007867 0 16509783 18 84.4280914193263 2019_official_m10p100f10t20p1m10 0
CD007867 0 16509783 18 84.4280914193263 2019_official_m10p100f10t20p1m10 0
CD007867 0 25926426 19 84.3310576730791 2019_official_m10p100f10t20p1m10 0
CD007867 0 25926426 19 84.3310576730791 2019_official_m10p100f10t20p1m10 0
CD007867 0 25332331 20 83.9006701103147 2019_official_m10p100f10t20p1m10 1
CD007867 0 25332331 20 83.9006701103147 2019_official_m10p100f10t20p1m10 1
CD008874 0 9509203 1 12.2318331310427 2019_official_m10p100f10t20p1m10 1
CD008874 0 11013469 2 34.2581187177505 2019_official_m10p100f10t20p1m10 1
CD008874 0 25024473 3 36.177770167957 2019_official_m10p100f10t20p1m10 1
CD008874 0 24130949 4 25.4779492242274 2019_official_m10p100f10t20p1m10 0
CD008874 0 11576065 5 21.986675302022 2019_official_m10p100f10t20p1m10 1
CD008874 0 26955210 6 9.84957428928588 2019_official_m10p100f10t20p1m10 0
CD008874 0 20400002 7 9.73682346209714 2019_official_m10p100f10t20p1m10 1
CD008874 0 25624545 8 14.3667338285145 2019_official_m10p100f10t20p1m10 1
CD008874 0 9743852 9 13.3589740308647 2019_official_m10p100f10t20p1m10 1
CD008874 0 26004598 10 14.5594625711577 2019_official_m10p100f10t20p1m10 1
CD008874 0 9389866 11 3.37994407318574 2019_official_m10p100f10t20p1m10 0
CD008874 0 7943701 12 3.00964760744412 2019_official_m10p100f10t20p1m10 0
CD008874 0 9175985 13 2.94281072134258 2019_official_m10p100f10t20p1m10 0
CD008874 0 24024008 14 2.68045787732645 2019_official_m10p100f10t20p1m10 0
CD008874 0 9527739 15 2.5316780910464 2019_official_m10p100f10t20p1m10 0
CD008874 0 1595845 16 2.39060171529048 2019_official_m10p100f10t20p1m10 1
CD008874 0 25062573 17 26.8013423681033 2019_official_m10p100f10t20p1m10 1
CD008874 0 16052126 18 24.0261484810146 2019_official_m10p100f10t20p1m10 0
CD008874 0 1411665 19 23.3356429280325 2019_official_m10p100f10t20p1m10 0
CD008874 0 1626681 20 22.8123864785335 2019_official_m10p100f10t20p1m10 0
CD008874 0 15333449 21 22.6905332954315 2019_official_m10p100f10t20p1m10 0
CD008874 0 10050224 22 22.5041413261896 2019_official_m10p100f10t20p1m10 1
CD008874 0 8908216 23 20.9646734521388 2019_official_m10p100f10t20p1m10 0
CD008874 0 14570687 24 20.8976560006419 2019_official_m10p100f10t20p1m10 0
CD008874 0 2015145 25 20.183651547252 2019_official_m10p100f10t20p1m10 1
CD008874 0 25999001 26 19.4318270879295 2019_official_m10p100f10t20p1m10 0
CD008874 0 15907231 27 18.8465516346166 2019_official_m10p100f10t20p1m10 0
CD008874 0 16861451 28 18.359409835207 2019_official_m10p100f10t20p1m10 0
CD009044 0 25194515 1 9.55904011780888 2019_official_m10p100f10t20p1m10 0
CD009044 0 23807205 2 9.19918057673497 2019_official_m10p100f10t20p1m10 0
CD009044 0 24408339 3 9.10569163454797 2019_official_m10p100f10t20p1m10 0
CD009044 0 25604000 4 8.80051269313236 2019_official_m10p100f10t20p1m10 0
CD009044 0 22417187 5 8.68830321300792 2019_official_m10p100f10t20p1m10 0
CD009044 0 24039228 6 8.66537174344767 2019_official_m10p100f10t20p1m10 0
CD009044 0 21384244 7 8.57105292785872 2019_official_m10p100f10t20p1m10 0
CD009044 0 22874529 8 8.55005501775898 2019_official_m10p100f10t20p1m10 0
CD009044 0 21821391 9 8.39474445432669 2019_official_m10p100f10t20p1m10 0
CD009044 0 21454388 10 8.36860854335995 2019_official_m10p100f10t20p1m10 0
CD009044 0 25325473 11 92.9621387068369 2019_official_m10p100f10t20p1m10 0
CD009044 0 25325473 11 92.9621387068369 2019_official_m10p100f10t20p1m10 0
CD009044 0 22849541 12 91.1250624693223 2019_official_m10p100f10t20p1m10 0
CD009044 0 22849541 12 91.1250624693223 2019_official_m10p100f10t20p1m10 0
CD009044 0 24490680 13 89.9273866254487 2019_official_m10p100f10t20p1m10 0
CD009044 0 24490680 13 89.9273866254487 2019_official_m10p100f10t20p1m10 0
CD009044 0 23738615 14 89.2710629102961 2019_official_m10p100f10t20p1m10 0
CD009044 0 23738615 14 89.2710629102961 2019_official_m10p100f10t20p1m10 0
CD009044 0 22176937 15 89.0193169400251 2019_official_m10p100f10t20p1m10 0
CD009044 0 22176937 15 89.0193169400251 2019_official_m10p100f10t20p1m10 0
CD009044 0 22006206 16 143.575315245893 2019_official_m10p100f10t20p1m10 0
CD009044 0 22006206 16 143.575315245893 2019_official_m10p100f10t20p1m10 0
CD009044 0 20626528 17 140.086531604972 2019_official_m10p100f10t20p1m10 1
CD009044 0 20626528 17 140.086531604972 2019_official_m10p100f10t20p1m10 1
CD009044 0 21610187 18 90.3506996045677 2019_official_m10p100f10t20p1m10 1
CD009044 0 21610187 18 90.3506996045677 2019_official_m10p100f10t20p1m10 1
CD009044 0 21339248 19 85.3690113130868 2019_official_m10p100f10t20p1m10 1
CD009044 0 21339248 19 85.3690113130868 2019_official_m10p100f10t20p1m10 1
CD009044 0 21883205 20 74.9312185003289 2019_official_m10p100f10t20p1m10 1
CD009044 0 21883205 20 74.9312185003289 2019_official_m10p100f10t20p1m10 1
CD009069 0 25104084 1 9.09980935778048 2019_official_m10p100f10t20p1m10 0
CD009069 0 21384341 2 9.00617389189325 2019_official_m10p100f10t20p1m10 0
CD009069 0 16597323 3 8.93720219220485 2019_official_m10p100f10t20p1m10 0
CD009069 0 22532127 4 8.93720219220485 2019_official_m10p100f10t20p1m10 0
CD009069 0 17259949 5 8.79746233519703 2019_official_m10p100f10t20p1m10 0
CD009069 0 20201919 6 8.67558574041224 2019_official_m10p100f10t20p1m10 0
CD009069 0 17324353 7 8.49897356780884 2019_official_m10p100f10t20p1m10 0
CD009069 0 12445663 8 8.32448537626614 2019_official_m10p100f10t20p1m10 0
CD009069 0 24007498 9 8.27435300580841 2019_official_m10p100f10t20p1m10 0
CD009069 0 24559559 10 8.13993993854354 2019_official_m10p100f10t20p1m10 0
CD009069 0 17010274 11 109.087069615852 2019_official_m10p100f10t20p1m10 0
CD009069 0 17010274 11 109.087069615852 2019_official_m10p100f10t20p1m10 0
CD009069 0 18940889 12 106.747211898064 2019_official_m10p100f10t20p1m10 0
CD009069 0 18940889 12 106.747211898064 2019_official_m10p100f10t20p1m10 0
CD009069 0 24472154 13 106.222000280099 2019_official_m10p100f10t20p1m10 0
CD009069 0 24472154 13 106.222000280099 2019_official_m10p100f10t20p1m10 0
CD009069 0 18026629 14 105.336649879404 2019_official_m10p100f10t20p1m10 0
CD009069 0 18026629 14 105.336649879404 2019_official_m10p100f10t20p1m10 0
CD009069 0 17292517 15 104.502297878597 2019_official_m10p100f10t20p1m10 0
CD009069 0 17292517 15 104.502297878597 2019_official_m10p100f10t20p1m10 0
CD009069 0 21289891 16 171.43783885388 2019_official_m10p100f10t20p1m10 0
CD009069 0 21289891 16 171.43783885388 2019_official_m10p100f10t20p1m10 0
CD009069 0 26429676 17 170.978306216851 2019_official_m10p100f10t20p1m10 0
CD009069 0 26429676 17 170.978306216851 2019_official_m10p100f10t20p1m10 0
CD009069 0 19684444 18 169.187974327719 2019_official_m10p100f10t20p1m10 0
CD009069 0 19684444 18 169.187974327719 2019_official_m10p100f10t20p1m10 0
CD009069 0 23199956 19 182.743183188023 2019_official_m10p100f10t20p1m10 0
CD009069 0 23199956 19 182.743183188023 2019_official_m10p100f10t20p1m10 0
CD009069 0 20024678 20 192.323530619999 2019_official_m10p100f10t20p1m10 0
CD009069 0 20024678 20 192.323530619999 2019_official_m10p100f10t20p1m10 0
CD009642 0 18580181 1 11.7829982565924 2019_official_m10p100f10t20p1m10 1
CD009642 0 2339012 2 23.6878371528684 2019_official_m10p100f10t20p1m10 0
CD009642 0 27076370 3 19.7593560840054 2019_official_m10p100f10t20p1m10 1
CD009642 0 22679539 4 32.9292985182979 2019_official_m10p100f10t20p1m10 1
CD009642 0 25275577 5 37.1902051263584 2019_official_m10p100f10t20p1m10 1
CD009642 0 19919581 6 37.5093213907525 2019_official_m10p100f10t20p1m10 1
CD009642 0 24216403 7 36.8221365072487 2019_official_m10p100f10t20p1m10 1
CD009642 0 24036842 8 37.3716923052429 2019_official_m10p100f10t20p1m10 1
CD009642 0 17197840 9 40.1759902209441 2019_official_m10p100f10t20p1m10 1
CD009642 0 23011561 10 38.0979416038788 2019_official_m10p100f10t20p1m10 1
CD009642 0 22584558 11 21.8978368934239 2019_official_m10p100f10t20p1m10 1
CD009642 0 25925031 12 11.3822942879118 2019_official_m10p100f10t20p1m10 0
CD009642 0 26749026 13 37.6798318166127 2019_official_m10p100f10t20p1m10 1
CD009642 0 21672347 14 31.8903272895115 2019_official_m10p100f10t20p1m10 1
CD009642 0 25785316 15 31.4752646407991 2019_official_m10p100f10t20p1m10 1
CD009642 0 21744761 16 31.5681820196908 2019_official_m10p100f10t20p1m10 1
CD009642 0 25245767 17 31.4495491152419 2019_official_m10p100f10t20p1m10 1
CD009642 0 22699129 18 30.3251781196736 2019_official_m10p100f10t20p1m10 1
CD009642 0 22986318 19 28.6640281880307 2019_official_m10p100f10t20p1m10 0
CD009642 0 21497022 20 28.0633729827003 2019_official_m10p100f10t20p1m10 0
CD009642 0 23251997 21 27.9100883148897 2019_official_m10p100f10t20p1m10 0
CD009642 0 25950425 22 17.3407119318648 2019_official_m10p100f10t20p1m10 1
CD009642 0 25078385 23 56.8460613921643 2019_official_m10p100f10t20p1m10 1
CD009642 0 25078385 23 56.8460613921643 2019_official_m10p100f10t20p1m10 1
CD009642 0 19443419 24 49.9361070512656 2019_official_m10p100f10t20p1m10 1
CD009642 0 19443419 24 49.9361070512656 2019_official_m10p100f10t20p1m10 1
CD009642 0 16952918 25 49.9890695584073 2019_official_m10p100f10t20p1m10 1
CD009642 0 21519309 26 44.3322542012546 2019_official_m10p100f10t20p1m10 1
CD009642 0 21519309 26 44.3322542012546 2019_official_m10p100f10t20p1m10 1
CD009642 0 18806063 27 39.475497089904 2019_official_m10p100f10t20p1m10 0
CD009642 0 18806063 27 39.475497089904 2019_official_m10p100f10t20p1m10 0
CD009642 0 24612414 28 39.3309717448969 2019_official_m10p100f10t20p1m10 1
CD009642 0 24612414 28 39.3309717448969 2019_official_m10p100f10t20p1m10 1
CD009642 0 15673874 29 38.4266609859808 2019_official_m10p100f10t20p1m10 1
CD009642 0 15673874 29 38.4266609859808 2019_official_m10p100f10t20p1m10 1
CD009642 0 15845691 30 36.538596897113 2019_official_m10p100f10t20p1m10 0
CD009642 0 15845691 30 36.538596897113 2019_official_m10p100f10t20p1m10 0
CD009642 0 19477443 31 35.9597762944039 2019_official_m10p100f10t20p1m10 0
CD009642 0 19477443 31 35.9597762944039 2019_official_m10p100f10t20p1m10 0
CD009642 0 17667496 32 35.8307871812305 2019_official_m10p100f10t20p1m10 1
CD009642 0 17667496 32 35.8307871812305 2019_official_m10p100f10t20p1m10 1
