CD000996 0 10325928 1 4.03682922605212 2019_official_m10p100f0t20p1m10 0
CD000996 0 8745755 2 3.57385815275344 2019_official_m10p100f0t20p1m10 0
CD000996 0 10612158 3 3.45534324929204 2019_official_m10p100f0t20p1m10 0
CD000996 0 9713457 4 3.45534324929204 2019_official_m10p100f0t20p1m10 0
CD000996 0 27329097 5 3.44107928156352 2019_official_m10p100f0t20p1m10 0
CD000996 0 28065254 6 3.39898533005732 2019_official_m10p100f0t20p1m10 0
CD000996 0 21300218 7 3.25307355806731 2019_official_m10p100f0t20p1m10 0
CD000996 0 7953501 8 3.24042763070187 2019_official_m10p100f0t20p1m10 0
CD000996 0 3107762 9 3.15458614395801 2019_official_m10p100f0t20p1m10 0
CD000996 0 19323585 10 3.15458614395801 2019_official_m10p100f0t20p1m10 0
CD000996 0 11560305 11 80.381513884364 2019_official_m10p100f0t20p1m10 0
CD000996 0 11560305 11 80.381513884364 2019_official_m10p100f0t20p1m10 0
CD000996 0 8428430 12 78.3643007678837 2019_official_m10p100f0t20p1m10 0
CD000996 0 8428430 12 78.3643007678837 2019_official_m10p100f0t20p1m10 0
CD000996 0 16473820 13 75.0636589721872 2019_official_m10p100f0t20p1m10 0
CD000996 0 16473820 13 75.0636589721872 2019_official_m10p100f0t20p1m10 0
CD000996 0 18023137 14 74.8144376466701 2019_official_m10p100f0t20p1m10 0
CD000996 0 18023137 14 74.8144376466701 2019_official_m10p100f0t20p1m10 0
CD000996 0 18837683 15 74.6187273418273 2019_official_m10p100f0t20p1m10 0
CD000996 0 18837683 15 74.6187273418273 2019_official_m10p100f0t20p1m10 0
CD000996 0 10390974 16 137.30996363107 2019_official_m10p100f0t20p1m10 0
CD000996 0 10390974 16 137.30996363107 2019_official_m10p100f0t20p1m10 0
CD000996 0 23889240 17 130.510576423351 2019_official_m10p100f0t20p1m10 0
CD000996 0 23889240 17 130.510576423351 2019_official_m10p100f0t20p1m10 0
CD000996 0 24433801 18 130.287654923553 2019_official_m10p100f0t20p1m10 0
CD000996 0 24433801 18 130.287654923553 2019_official_m10p100f0t20p1m10 0
CD000996 0 16802778 19 138.319766452252 2019_official_m10p100f0t20p1m10 0
CD000996 0 16802778 19 138.319766452252 2019_official_m10p100f0t20p1m10 0
CD000996 0 22455941 20 140.078225844814 2019_official_m10p100f0t20p1m10 0
CD000996 0 22455941 20 140.078225844814 2019_official_m10p100f0t20p1m10 0
CD001261 0 3492750 1 5.98697599919979 2019_official_m10p100f0t20p1m10 0
CD001261 0 4957973 2 5.46712150344896 2019_official_m10p100f0t20p1m10 0
CD001261 0 21301672 3 4.34523463877108 2019_official_m10p100f0t20p1m10 0
CD001261 0 16231259 4 4.20153775266182 2019_official_m10p100f0t20p1m10 0
CD001261 0 984617 5 4.06704073737396 2019_official_m10p100f0t20p1m10 0
CD001261 0 16887737 6 3.95451670965624 2019_official_m10p100f0t20p1m10 0
CD001261 0 10689239 7 3.94088749610518 2019_official_m10p100f0t20p1m10 0
CD001261 0 26920587 8 3.94088749610518 2019_official_m10p100f0t20p1m10 0
CD001261 0 21676350 9 3.9273519058561 2019_official_m10p100f0t20p1m10 0
CD001261 0 359524 10 3.91390897751971 2019_official_m10p100f0t20p1m10 0
CD001261 0 683932 11 70.1384205969105 2019_official_m10p100f0t20p1m10 0
CD001261 0 683932 11 70.1384205969105 2019_official_m10p100f0t20p1m10 0
CD001261 0 24399343 12 69.5708368868458 2019_official_m10p100f0t20p1m10 0
CD001261 0 24399343 12 69.5708368868458 2019_official_m10p100f0t20p1m10 0
CD001261 0 12615383 13 68.6001383526248 2019_official_m10p100f0t20p1m10 0
CD001261 0 12615383 13 68.6001383526248 2019_official_m10p100f0t20p1m10 0
CD001261 0 7136294 14 68.1001080795714 2019_official_m10p100f0t20p1m10 0
CD001261 0 7136294 14 68.1001080795714 2019_official_m10p100f0t20p1m10 0
CD001261 0 27337467 15 67.5366312831551 2019_official_m10p100f0t20p1m10 0
CD001261 0 27337467 15 67.5366312831551 2019_official_m10p100f0t20p1m10 0
CD001261 0 4679478 16 129.071333095008 2019_official_m10p100f0t20p1m10 0
CD001261 0 4679478 16 129.071333095008 2019_official_m10p100f0t20p1m10 0
CD001261 0 12864957 17 126.31784450469 2019_official_m10p100f0t20p1m10 0
CD001261 0 12864957 17 126.31784450469 2019_official_m10p100f0t20p1m10 0
CD001261 0 19188129 18 124.313804566321 2019_official_m10p100f0t20p1m10 0
CD001261 0 19188129 18 124.313804566321 2019_official_m10p100f0t20p1m10 0
CD001261 0 20014951 19 138.416452289674 2019_official_m10p100f0t20p1m10 0
CD001261 0 20014951 19 138.416452289674 2019_official_m10p100f0t20p1m10 0
CD001261 0 12244657 20 140.962797841713 2019_official_m10p100f0t20p1m10 0
CD001261 0 12244657 20 140.962797841713 2019_official_m10p100f0t20p1m10 0
CD004414 0 19202672 1 8.00261420923506 2019_official_m10p100f0t20p1m10 0
CD004414 0 17101004 2 7.90249724258799 2019_official_m10p100f0t20p1m10 0
CD004414 0 16650095 3 7.7442654136713 2019_official_m10p100f0t20p1m10 1
CD004414 0 15573643 4 13.0158382114407 2019_official_m10p100f0t20p1m10 1
CD004414 0 15186378 5 19.2241870053117 2019_official_m10p100f0t20p1m10 0
CD004414 0 23844768 6 17.7589250781003 2019_official_m10p100f0t20p1m10 0
CD004414 0 17312364 7 15.6231334175103 2019_official_m10p100f0t20p1m10 0
CD004414 0 15785948 8 17.5338600203621 2019_official_m10p100f0t20p1m10 0
CD004414 0 14641355 9 18.6362412100968 2019_official_m10p100f0t20p1m10 0
CD004414 0 20199550 10 18.1929989675642 2019_official_m10p100f0t20p1m10 0
CD004414 0 19438864 11 43.6227855819802 2019_official_m10p100f0t20p1m10 0
CD004414 0 19438864 11 43.6227855819802 2019_official_m10p100f0t20p1m10 0
CD004414 0 11907497 12 43.2627116132349 2019_official_m10p100f0t20p1m10 0
CD004414 0 11907497 12 43.2627116132349 2019_official_m10p100f0t20p1m10 0
CD004414 0 20536474 13 43.2395192917353 2019_official_m10p100f0t20p1m10 0
CD004414 0 20536474 13 43.2395192917353 2019_official_m10p100f0t20p1m10 0
CD004414 0 25431315 14 40.5083702572974 2019_official_m10p100f0t20p1m10 1
CD004414 0 25431315 14 40.5083702572974 2019_official_m10p100f0t20p1m10 1
CD004414 0 24828091 15 94.3650048899687 2019_official_m10p100f0t20p1m10 1
CD004414 0 24828091 15 94.3650048899687 2019_official_m10p100f0t20p1m10 1
CD004414 0 21867490 16 64.676365158798 2019_official_m10p100f0t20p1m10 1
CD004414 0 21867490 16 64.676365158798 2019_official_m10p100f0t20p1m10 1
CD004414 0 26573488 17 53.8319068178183 2019_official_m10p100f0t20p1m10 1
CD004414 0 26573488 17 53.8319068178183 2019_official_m10p100f0t20p1m10 1
CD004414 0 26987818 18 49.6136096302002 2019_official_m10p100f0t20p1m10 0
CD004414 0 26987818 18 49.6136096302002 2019_official_m10p100f0t20p1m10 0
CD004414 0 16426292 19 43.1685290163677 2019_official_m10p100f0t20p1m10 0
CD004414 0 16426292 19 43.1685290163677 2019_official_m10p100f0t20p1m10 0
CD004414 0 20807407 20 41.743777137021 2019_official_m10p100f0t20p1m10 0
CD004414 0 20807407 20 41.743777137021 2019_official_m10p100f0t20p1m10 0
CD006468 0 2618981 1 10.8181969370246 2019_official_m10p100f0t20p1m10 0
CD006468 0 14980999 2 10.3280989455235 2019_official_m10p100f0t20p1m10 0
CD006468 0 27766659 3 10.1241644669512 2019_official_m10p100f0t20p1m10 0
CD006468 0 3039833 4 9.88029896609562 2019_official_m10p100f0t20p1m10 0
CD006468 0 16340833 5 9.5262321148321 2019_official_m10p100f0t20p1m10 0
CD006468 0 14870792 6 9.42619271088702 2019_official_m10p100f0t20p1m10 0
CD006468 0 15334865 7 9.00581860074059 2019_official_m10p100f0t20p1m10 0
CD006468 0 16131048 8 8.90848534021847 2019_official_m10p100f0t20p1m10 0
CD006468 0 16044753 9 8.89320030405712 2019_official_m10p100f0t20p1m10 1
CD006468 0 19009679 10 20.8346884588781 2019_official_m10p100f0t20p1m10 0
CD006468 0 23542046 11 15.3068706053222 2019_official_m10p100f0t20p1m10 0
CD006468 0 23542046 11 15.3068706053222 2019_official_m10p100f0t20p1m10 0
CD006468 0 10646078 12 14.6830129214178 2019_official_m10p100f0t20p1m10 1
CD006468 0 10646078 12 14.6830129214178 2019_official_m10p100f0t20p1m10 1
CD006468 0 11680834 13 33.6727800331225 2019_official_m10p100f0t20p1m10 0
CD006468 0 11680834 13 33.6727800331225 2019_official_m10p100f0t20p1m10 0
CD006468 0 16080578 14 33.1953786209696 2019_official_m10p100f0t20p1m10 1
CD006468 0 16080578 14 33.1953786209696 2019_official_m10p100f0t20p1m10 1
CD006468 0 10569501 15 78.2647179024477 2019_official_m10p100f0t20p1m10 0
CD006468 0 10569501 15 78.2647179024477 2019_official_m10p100f0t20p1m10 0
CD006468 0 11885848 16 77.9519131083517 2019_official_m10p100f0t20p1m10 1
CD006468 0 11885848 16 77.9519131083517 2019_official_m10p100f0t20p1m10 1
CD006468 0 16369969 17 54.6553204845704 2019_official_m10p100f0t20p1m10 0
CD006468 0 16369969 17 54.6553204845704 2019_official_m10p100f0t20p1m10 0
CD006468 0 9198142 18 53.7640350226047 2019_official_m10p100f0t20p1m10 0
CD006468 0 9198142 18 53.7640350226047 2019_official_m10p100f0t20p1m10 0
CD006468 0 22703114 19 50.3148552486259 2019_official_m10p100f0t20p1m10 0
CD006468 0 22703114 19 50.3148552486259 2019_official_m10p100f0t20p1m10 0
CD006468 0 15639113 20 49.8667690119394 2019_official_m10p100f0t20p1m10 0
CD006468 0 15639113 20 49.8667690119394 2019_official_m10p100f0t20p1m10 0
CD007867 0 25629747 1 8.89617122851006 2019_official_m10p100f0t20p1m10 0
CD007867 0 25629748 2 8.89617122851006 2019_official_m10p100f0t20p1m10 0
CD007867 0 25629749 3 8.89617122851006 2019_official_m10p100f0t20p1m10 0
CD007867 0 25629750 4 8.89617122851006 2019_official_m10p100f0t20p1m10 0
CD007867 0 26275119 5 8.20516834186335 2019_official_m10p100f0t20p1m10 0
CD007867 0 11882397 6 7.90550712682622 2019_official_m10p100f0t20p1m10 1
CD007867 0 26084508 7 20.9269427959124 2019_official_m10p100f0t20p1m10 0
CD007867 0 23169899 8 18.934814660475 2019_official_m10p100f0t20p1m10 0
CD007867 0 22411521 9 18.188109823853 2019_official_m10p100f0t20p1m10 0
CD007867 0 22309755 10 17.7045550579397 2019_official_m10p100f0t20p1m10 0
CD007867 0 1395657 11 103.814857436404 2019_official_m10p100f0t20p1m10 0
CD007867 0 1395657 11 103.814857436404 2019_official_m10p100f0t20p1m10 0
CD007867 0 21224435 12 95.0344973461576 2019_official_m10p100f0t20p1m10 0
CD007867 0 21224435 12 95.0344973461576 2019_official_m10p100f0t20p1m10 0
CD007867 0 21531737 13 94.1520671904199 2019_official_m10p100f0t20p1m10 0
CD007867 0 21531737 13 94.1520671904199 2019_official_m10p100f0t20p1m10 0
CD007867 0 20495781 14 90.1372316812323 2019_official_m10p100f0t20p1m10 0
CD007867 0 20495781 14 90.1372316812323 2019_official_m10p100f0t20p1m10 0
CD007867 0 17119168 15 90.1149738657876 2019_official_m10p100f0t20p1m10 0
CD007867 0 17119168 15 90.1149738657876 2019_official_m10p100f0t20p1m10 0
CD007867 0 25080456 16 88.111394996726 2019_official_m10p100f0t20p1m10 0
CD007867 0 25080456 16 88.111394996726 2019_official_m10p100f0t20p1m10 0
CD007867 0 24990423 17 88.039863511578 2019_official_m10p100f0t20p1m10 0
CD007867 0 24990423 17 88.039863511578 2019_official_m10p100f0t20p1m10 0
CD007867 0 16509783 18 84.4280914193263 2019_official_m10p100f0t20p1m10 0
CD007867 0 16509783 18 84.4280914193263 2019_official_m10p100f0t20p1m10 0
CD007867 0 25926426 19 84.3310576730791 2019_official_m10p100f0t20p1m10 0
CD007867 0 25926426 19 84.3310576730791 2019_official_m10p100f0t20p1m10 0
CD007867 0 25332331 20 83.9006701103147 2019_official_m10p100f0t20p1m10 1
CD007867 0 25332331 20 83.9006701103147 2019_official_m10p100f0t20p1m10 1
CD008874 0 9509203 1 12.2318331310427 2019_official_m10p100f0t20p1m10 1
CD008874 0 23634563 2 17.4550354308985 2019_official_m10p100f0t20p1m10 0
CD008874 0 8908216 3 16.263837689959 2019_official_m10p100f0t20p1m10 0
CD008874 0 3684366 4 15.8746176308934 2019_official_m10p100f0t20p1m10 0
CD008874 0 25024473 5 15.9302133403207 2019_official_m10p100f0t20p1m10 1
CD008874 0 11013469 6 30.3662720326854 2019_official_m10p100f0t20p1m10 1
CD008874 0 11576065 7 21.986675302022 2019_official_m10p100f0t20p1m10 1
CD008874 0 24130949 8 14.7655905124848 2019_official_m10p100f0t20p1m10 0
CD008874 0 25624545 9 9.23820961798923 2019_official_m10p100f0t20p1m10 1
CD008874 0 20400002 10 10.6669220723932 2019_official_m10p100f0t20p1m10 1
CD008874 0 9175985 11 5.87928230508701 2019_official_m10p100f0t20p1m10 0
CD008874 0 25164393 12 5.80430980616056 2019_official_m10p100f0t20p1m10 0
CD008874 0 7818203 13 5.61074253632395 2019_official_m10p100f0t20p1m10 1
CD008874 0 7818203 13 5.61074253632395 2019_official_m10p100f0t20p1m10 1
CD008874 0 12243027 14 27.0730305395265 2019_official_m10p100f0t20p1m10 0
CD008874 0 16052126 15 26.0628721130196 2019_official_m10p100f0t20p1m10 0
CD008874 0 25062573 16 23.971593639783 2019_official_m10p100f0t20p1m10 1
CD008874 0 7618711 17 24.429680398171 2019_official_m10p100f0t20p1m10 1
CD008874 0 26004598 18 27.9122764419949 2019_official_m10p100f0t20p1m10 1
CD008874 0 26526473 19 26.945087755864 2019_official_m10p100f0t20p1m10 1
CD008874 0 10050224 20 25.0019583307701 2019_official_m10p100f0t20p1m10 1
CD008874 0 9743852 21 22.4058060811288 2019_official_m10p100f0t20p1m10 1
CD008874 0 24963182 22 22.8732654734073 2019_official_m10p100f0t20p1m10 1
CD008874 0 26955210 23 24.013543261903 2019_official_m10p100f0t20p1m10 0
CD008874 0 21957403 24 23.8454901872876 2019_official_m10p100f0t20p1m10 1
CD008874 0 25221769 25 27.4416024670244 2019_official_m10p100f0t20p1m10 1
CD008874 0 24949304 26 32.9974615327927 2019_official_m10p100f0t20p1m10 1
CD008874 0 25337530 27 36.4254589647206 2019_official_m10p100f0t20p1m10 1
CD009044 0 25194515 1 9.55904011780888 2019_official_m10p100f0t20p1m10 0
CD009044 0 23807205 2 9.19918057673497 2019_official_m10p100f0t20p1m10 0
CD009044 0 24408339 3 9.10569163454797 2019_official_m10p100f0t20p1m10 0
CD009044 0 25604000 4 8.80051269313236 2019_official_m10p100f0t20p1m10 0
CD009044 0 22417187 5 8.68830321300792 2019_official_m10p100f0t20p1m10 0
CD009044 0 24039228 6 8.66537174344767 2019_official_m10p100f0t20p1m10 0
CD009044 0 21384244 7 8.57105292785872 2019_official_m10p100f0t20p1m10 0
CD009044 0 22874529 8 8.55005501775898 2019_official_m10p100f0t20p1m10 0
CD009044 0 21821391 9 8.39474445432669 2019_official_m10p100f0t20p1m10 0
CD009044 0 21454388 10 8.36860854335995 2019_official_m10p100f0t20p1m10 0
CD009044 0 25325473 11 92.9621387068369 2019_official_m10p100f0t20p1m10 0
CD009044 0 25325473 11 92.9621387068369 2019_official_m10p100f0t20p1m10 0
CD009044 0 22849541 12 91.1250624693223 2019_official_m10p100f0t20p1m10 0
CD009044 0 22849541 12 91.1250624693223 2019_official_m10p100f0t20p1m10 0
CD009044 0 24490680 13 89.9273866254487 2019_official_m10p100f0t20p1m10 0
CD009044 0 24490680 13 89.9273866254487 2019_official_m10p100f0t20p1m10 0
CD009044 0 23738615 14 89.2710629102961 2019_official_m10p100f0t20p1m10 0
CD009044 0 23738615 14 89.2710629102961 2019_official_m10p100f0t20p1m10 0
CD009044 0 22176937 15 89.0193169400251 2019_official_m10p100f0t20p1m10 0
CD009044 0 22176937 15 89.0193169400251 2019_official_m10p100f0t20p1m10 0
CD009044 0 22006206 16 143.575315245893 2019_official_m10p100f0t20p1m10 0
CD009044 0 22006206 16 143.575315245893 2019_official_m10p100f0t20p1m10 0
CD009044 0 20626528 17 140.086531604972 2019_official_m10p100f0t20p1m10 1
CD009044 0 20626528 17 140.086531604972 2019_official_m10p100f0t20p1m10 1
CD009044 0 21610187 18 90.3506996045677 2019_official_m10p100f0t20p1m10 1
CD009044 0 21610187 18 90.3506996045677 2019_official_m10p100f0t20p1m10 1
CD009044 0 21339248 19 85.3690113130868 2019_official_m10p100f0t20p1m10 1
CD009044 0 21339248 19 85.3690113130868 2019_official_m10p100f0t20p1m10 1
CD009044 0 21883205 20 74.9312185003289 2019_official_m10p100f0t20p1m10 1
CD009044 0 21883205 20 74.9312185003289 2019_official_m10p100f0t20p1m10 1
CD009069 0 25104084 1 9.09980935778048 2019_official_m10p100f0t20p1m10 0
CD009069 0 21384341 2 9.00617389189325 2019_official_m10p100f0t20p1m10 0
CD009069 0 16597323 3 8.93720219220485 2019_official_m10p100f0t20p1m10 0
CD009069 0 22532127 4 8.93720219220485 2019_official_m10p100f0t20p1m10 0
CD009069 0 17259949 5 8.79746233519703 2019_official_m10p100f0t20p1m10 0
CD009069 0 20201919 6 8.67558574041224 2019_official_m10p100f0t20p1m10 0
CD009069 0 17324353 7 8.49897356780884 2019_official_m10p100f0t20p1m10 0
CD009069 0 12445663 8 8.32448537626614 2019_official_m10p100f0t20p1m10 0
CD009069 0 24007498 9 8.27435300580841 2019_official_m10p100f0t20p1m10 0
CD009069 0 24559559 10 8.13993993854354 2019_official_m10p100f0t20p1m10 0
CD009069 0 17010274 11 109.087069615852 2019_official_m10p100f0t20p1m10 0
CD009069 0 17010274 11 109.087069615852 2019_official_m10p100f0t20p1m10 0
CD009069 0 18940889 12 106.747211898064 2019_official_m10p100f0t20p1m10 0
CD009069 0 18940889 12 106.747211898064 2019_official_m10p100f0t20p1m10 0
CD009069 0 24472154 13 106.222000280099 2019_official_m10p100f0t20p1m10 0
CD009069 0 24472154 13 106.222000280099 2019_official_m10p100f0t20p1m10 0
CD009069 0 18026629 14 105.336649879404 2019_official_m10p100f0t20p1m10 0
CD009069 0 18026629 14 105.336649879404 2019_official_m10p100f0t20p1m10 0
CD009069 0 17292517 15 104.502297878597 2019_official_m10p100f0t20p1m10 0
CD009069 0 17292517 15 104.502297878597 2019_official_m10p100f0t20p1m10 0
CD009069 0 21289891 16 171.43783885388 2019_official_m10p100f0t20p1m10 0
CD009069 0 21289891 16 171.43783885388 2019_official_m10p100f0t20p1m10 0
CD009069 0 26429676 17 170.978306216851 2019_official_m10p100f0t20p1m10 0
CD009069 0 26429676 17 170.978306216851 2019_official_m10p100f0t20p1m10 0
CD009069 0 19684444 18 169.187974327719 2019_official_m10p100f0t20p1m10 0
CD009069 0 19684444 18 169.187974327719 2019_official_m10p100f0t20p1m10 0
CD009069 0 23199956 19 182.743183188023 2019_official_m10p100f0t20p1m10 0
CD009069 0 23199956 19 182.743183188023 2019_official_m10p100f0t20p1m10 0
CD009069 0 20024678 20 192.323530619999 2019_official_m10p100f0t20p1m10 0
CD009069 0 20024678 20 192.323530619999 2019_official_m10p100f0t20p1m10 0
CD009642 0 18580181 1 11.7829982565924 2019_official_m10p100f0t20p1m10 1
CD009642 0 18844267 2 19.2201764157243 2019_official_m10p100f0t20p1m10 1
CD009642 0 24758776 3 21.8196905204912 2019_official_m10p100f0t20p1m10 1
CD009642 0 23251997 4 22.0283650765621 2019_official_m10p100f0t20p1m10 0
CD009642 0 9046850 5 21.1611694046306 2019_official_m10p100f0t20p1m10 0
CD009642 0 25275577 6 23.9641583801786 2019_official_m10p100f0t20p1m10 1
CD009642 0 23011561 7 25.4758951246017 2019_official_m10p100f0t20p1m10 1
CD009642 0 19919581 8 26.4483342167061 2019_official_m10p100f0t20p1m10 1
CD009642 0 26749026 9 26.0368822078108 2019_official_m10p100f0t20p1m10 1
CD009642 0 17197840 10 24.3597066983142 2019_official_m10p100f0t20p1m10 1
CD009642 0 23681143 11 15.7443866885634 2019_official_m10p100f0t20p1m10 1
CD009642 0 19443419 12 55.6958335450444 2019_official_m10p100f0t20p1m10 1
CD009642 0 19443419 12 55.6958335450444 2019_official_m10p100f0t20p1m10 1
CD009642 0 24612414 13 51.9321060198907 2019_official_m10p100f0t20p1m10 1
CD009642 0 24612414 13 51.9321060198907 2019_official_m10p100f0t20p1m10 1
CD009642 0 27076370 14 49.4844434184298 2019_official_m10p100f0t20p1m10 1
CD009642 0 27076370 14 49.4844434184298 2019_official_m10p100f0t20p1m10 1
CD009642 0 22986318 15 48.1956975395778 2019_official_m10p100f0t20p1m10 0
CD009642 0 22986318 15 48.1956975395778 2019_official_m10p100f0t20p1m10 0
CD009642 0 24036842 16 48.0171979743207 2019_official_m10p100f0t20p1m10 1
CD009642 0 24036842 16 48.0171979743207 2019_official_m10p100f0t20p1m10 1
CD009642 0 22679539 17 45.2759842989771 2019_official_m10p100f0t20p1m10 1
CD009642 0 22679539 17 45.2759842989771 2019_official_m10p100f0t20p1m10 1
CD009642 0 22584558 18 44.9254311218462 2019_official_m10p100f0t20p1m10 1
CD009642 0 22584558 18 44.9254311218462 2019_official_m10p100f0t20p1m10 1
CD009642 0 21519309 19 47.2380428259498 2019_official_m10p100f0t20p1m10 1
CD009642 0 21519309 19 47.2380428259498 2019_official_m10p100f0t20p1m10 1
CD009642 0 16952918 20 43.209832020995 2019_official_m10p100f0t20p1m10 1
CD009642 0 16952918 20 43.209832020995 2019_official_m10p100f0t20p1m10 1
CD009642 0 25245767 21 45.3893765279829 2019_official_m10p100f0t20p1m10 1
CD009642 0 25245767 21 45.3893765279829 2019_official_m10p100f0t20p1m10 1
CD010038 0 19116011 1 11.8728348503983 2019_official_m10p100f0t20p1m10 0
CD010038 0 3227562 2 11.8136264459489 2019_official_m10p100f0t20p1m10 0
CD010038 0 24852751 3 11.3469235221469 2019_official_m10p100f0t20p1m10 0
CD010038 0 19063650 4 11.3301449775762 2019_official_m10p100f0t20p1m10 0
CD010038 0 14770075 5 10.9004158624286 2019_official_m10p100f0t20p1m10 0
CD010038 0 19051114 6 10.7739395358507 2019_official_m10p100f0t20p1m10 0
CD010038 0 26103063 7 10.7155483129152 2019_official_m10p100f0t20p1m10 0
CD010038 0 24011750 8 10.5056568846092 2019_official_m10p100f0t20p1m10 1
CD010038 0 27956393 9 22.1028932175602 2019_official_m10p100f0t20p1m10 0
CD010038 0 16428009 10 22.6976016216604 2019_official_m10p100f0t20p1m10 0
CD010038 0 18583000 11 81.4462672915878 2019_official_m10p100f0t20p1m10 0
CD010038 0 18583000 11 81.4462672915878 2019_official_m10p100f0t20p1m10 0
CD010038 0 23524116 12 76.399358941297 2019_official_m10p100f0t20p1m10 1
CD010038 0 23524116 12 76.399358941297 2019_official_m10p100f0t20p1m10 1
CD010038 0 16651301 13 72.1972392546668 2019_official_m10p100f0t20p1m10 0
CD010038 0 16651301 13 72.1972392546668 2019_official_m10p100f0t20p1m10 0
CD010038 0 26968631 14 68.9128120388198 2019_official_m10p100f0t20p1m10 0
CD010038 0 26968631 14 68.9128120388198 2019_official_m10p100f0t20p1m10 0
CD010038 0 12716399 15 67.692110018404 2019_official_m10p100f0t20p1m10 0
CD010038 0 12716399 15 67.692110018404 2019_official_m10p100f0t20p1m10 0
CD010038 0 26767508 16 65.700071030427 2019_official_m10p100f0t20p1m10 0
CD010038 0 26767508 16 65.700071030427 2019_official_m10p100f0t20p1m10 0
CD010038 0 26034240 17 64.603118381054 2019_official_m10p100f0t20p1m10 1
CD010038 0 26034240 17 64.603118381054 2019_official_m10p100f0t20p1m10 1
CD010038 0 24704427 18 57.2812986189004 2019_official_m10p100f0t20p1m10 0
CD010038 0 24704427 18 57.2812986189004 2019_official_m10p100f0t20p1m10 0
CD010038 0 24300222 19 56.4247604572804 2019_official_m10p100f0t20p1m10 0
CD010038 0 24300222 19 56.4247604572804 2019_official_m10p100f0t20p1m10 0
CD010038 0 26775454 20 52.8875406810258 2019_official_m10p100f0t20p1m10 0
CD010038 0 26775454 20 52.8875406810258 2019_official_m10p100f0t20p1m10 0
CD010239 0 25966608 1 14.3853482385321 2019_official_m10p100f0t20p1m10 1
CD010239 0 21746729 2 17.9203762482199 2019_official_m10p100f0t20p1m10 1
CD010239 0 21238983 3 17.7340872665279 2019_official_m10p100f0t20p1m10 0
CD010239 0 22621326 4 17.5006610665245 2019_official_m10p100f0t20p1m10 1
CD010239 0 18519476 5 19.28049746023 2019_official_m10p100f0t20p1m10 1
CD010239 0 24218465 6 20.5460522578213 2019_official_m10p100f0t20p1m10 1
CD010239 0 28034908 7 17.8441488621094 2019_official_m10p100f0t20p1m10 1
CD010239 0 25012791 8 17.1283333086684 2019_official_m10p100f0t20p1m10 0
CD010239 0 24655537 9 15.7245404526285 2019_official_m10p100f0t20p1m10 1
CD010239 0 19661049 10 17.7480485688428 2019_official_m10p100f0t20p1m10 1
CD010239 0 18450889 11 14.0269760062883 2019_official_m10p100f0t20p1m10 1
CD010239 0 26026919 12 29.2542353874152 2019_official_m10p100f0t20p1m10 0
CD010239 0 26026919 12 29.2542353874152 2019_official_m10p100f0t20p1m10 0
CD010239 0 22738947 13 24.0515905889016 2019_official_m10p100f0t20p1m10 0
CD010239 0 22738947 13 24.0515905889016 2019_official_m10p100f0t20p1m10 0
CD010239 0 22935774 14 23.7109962986954 2019_official_m10p100f0t20p1m10 0
CD010239 0 22935774 14 23.7109962986954 2019_official_m10p100f0t20p1m10 0
CD010239 0 25454938 15 23.4368316699573 2019_official_m10p100f0t20p1m10 0
CD010239 0 25454938 15 23.4368316699573 2019_official_m10p100f0t20p1m10 0
CD010239 0 18194383 16 23.1334640878639 2019_official_m10p100f0t20p1m10 0
CD010239 0 18194383 16 23.1334640878639 2019_official_m10p100f0t20p1m10 0
CD010239 0 26847368 17 22.4671954588644 2019_official_m10p100f0t20p1m10 0
CD010239 0 26847368 17 22.4671954588644 2019_official_m10p100f0t20p1m10 0
CD010239 0 15858811 18 22.4411762969754 2019_official_m10p100f0t20p1m10 0
CD010239 0 15858811 18 22.4411762969754 2019_official_m10p100f0t20p1m10 0
CD010239 0 26746140 19 22.4003768061954 2019_official_m10p100f0t20p1m10 0
CD010239 0 26746140 19 22.4003768061954 2019_official_m10p100f0t20p1m10 0
CD010239 0 26743498 20 20.6897885641775 2019_official_m10p100f0t20p1m10 0
CD010239 0 26743498 20 20.6897885641775 2019_official_m10p100f0t20p1m10 0
CD010239 0 26144575 21 19.5198864651205 2019_official_m10p100f0t20p1m10 0
CD010239 0 26144575 21 19.5198864651205 2019_official_m10p100f0t20p1m10 0
CD010558 0 22156932 1 6.41144084048205 2019_official_m10p100f0t20p1m10 0
CD010558 0 25415495 2 6.26546137270527 2019_official_m10p100f0t20p1m10 0
CD010558 0 21272511 3 5.92556430368787 2019_official_m10p100f0t20p1m10 0
CD010558 0 21770842 4 5.86485774834481 2019_official_m10p100f0t20p1m10 0
CD010558 0 19031487 5 5.75748806750666 2019_official_m10p100f0t20p1m10 0
CD010558 0 19733912 6 5.39091387947159 2019_official_m10p100f0t20p1m10 0
CD010558 0 25191915 7 5.35694798542529 2019_official_m10p100f0t20p1m10 0
CD010558 0 18374988 8 5.30331617757774 2019_official_m10p100f0t20p1m10 0
CD010558 0 25004496 9 5.18041553570908 2019_official_m10p100f0t20p1m10 0
CD010558 0 27093104 10 5.11456746761124 2019_official_m10p100f0t20p1m10 0
CD010558 0 17675907 11 118.808293036183 2019_official_m10p100f0t20p1m10 0
CD010558 0 17675907 11 118.808293036183 2019_official_m10p100f0t20p1m10 0
CD010558 0 23945458 12 115.699830037243 2019_official_m10p100f0t20p1m10 0
CD010558 0 23945458 12 115.699830037243 2019_official_m10p100f0t20p1m10 0
CD010558 0 18278987 13 114.857146695773 2019_official_m10p100f0t20p1m10 0
CD010558 0 18278987 13 114.857146695773 2019_official_m10p100f0t20p1m10 0
CD010558 0 12804445 14 114.461069682033 2019_official_m10p100f0t20p1m10 0
CD010558 0 12804445 14 114.461069682033 2019_official_m10p100f0t20p1m10 0
CD010558 0 11687168 15 114.234127045005 2019_official_m10p100f0t20p1m10 0
CD010558 0 11687168 15 114.234127045005 2019_official_m10p100f0t20p1m10 0
CD010558 0 20166064 16 273.739312208712 2019_official_m10p100f0t20p1m10 0
CD010558 0 20166064 16 273.739312208712 2019_official_m10p100f0t20p1m10 0
CD010558 0 11034701 17 194.645964712391 2019_official_m10p100f0t20p1m10 0
CD010558 0 11034701 17 194.645964712391 2019_official_m10p100f0t20p1m10 0
CD010558 0 10796749 18 193.856904084312 2019_official_m10p100f0t20p1m10 0
CD010558 0 10796749 18 193.856904084312 2019_official_m10p100f0t20p1m10 0
CD010558 0 25230088 19 199.220384725083 2019_official_m10p100f0t20p1m10 0
CD010558 0 25230088 19 199.220384725083 2019_official_m10p100f0t20p1m10 0
CD010558 0 24353997 20 201.252273225939 2019_official_m10p100f0t20p1m10 0
CD010558 0 24353997 20 201.252273225939 2019_official_m10p100f0t20p1m10 0
CD010753 0 29759268 1 5.58300246502108 2019_official_m10p100f0t20p1m10 0
CD010753 0 17685877 2 5.42386640733243 2019_official_m10p100f0t20p1m10 0
CD010753 0 6355074 3 5.36650450556444 2019_official_m10p100f0t20p1m10 0
CD010753 0 23510075 4 5.2735508560654 2019_official_m10p100f0t20p1m10 0
CD010753 0 3058290 5 5.07997155885865 2019_official_m10p100f0t20p1m10 0
CD010753 0 11219330 6 4.99660193515209 2019_official_m10p100f0t20p1m10 0
CD010753 0 18673166 7 4.93185093381051 2019_official_m10p100f0t20p1m10 0
CD010753 0 19499091 8 4.8532345557921 2019_official_m10p100f0t20p1m10 0
CD010753 0 2858188 9 4.73253195511395 2019_official_m10p100f0t20p1m10 0
CD010753 0 19721108 10 4.57604493348531 2019_official_m10p100f0t20p1m10 0
CD010753 0 22578014 11 104.941926158253 2019_official_m10p100f0t20p1m10 0
CD010753 0 22578014 11 104.941926158253 2019_official_m10p100f0t20p1m10 0
CD010753 0 27136278 12 103.962946009441 2019_official_m10p100f0t20p1m10 0
CD010753 0 27136278 12 103.962946009441 2019_official_m10p100f0t20p1m10 0
CD010753 0 22681198 13 103.093267375224 2019_official_m10p100f0t20p1m10 0
CD010753 0 22681198 13 103.093267375224 2019_official_m10p100f0t20p1m10 0
CD010753 0 15746509 14 102.841895188218 2019_official_m10p100f0t20p1m10 0
CD010753 0 15746509 14 102.841895188218 2019_official_m10p100f0t20p1m10 0
CD010753 0 26940892 15 101.142918820099 2019_official_m10p100f0t20p1m10 0
CD010753 0 26940892 15 101.142918820099 2019_official_m10p100f0t20p1m10 0
CD010753 0 16860264 16 185.954205544728 2019_official_m10p100f0t20p1m10 0
CD010753 0 16860264 16 185.954205544728 2019_official_m10p100f0t20p1m10 0
CD010753 0 15062207 17 183.125683060868 2019_official_m10p100f0t20p1m10 0
CD010753 0 15062207 17 183.125683060868 2019_official_m10p100f0t20p1m10 0
CD010753 0 21476952 18 174.705497090214 2019_official_m10p100f0t20p1m10 0
CD010753 0 21476952 18 174.705497090214 2019_official_m10p100f0t20p1m10 0
CD010753 0 20038257 19 184.278406480668 2019_official_m10p100f0t20p1m10 0
CD010753 0 20038257 19 184.278406480668 2019_official_m10p100f0t20p1m10 0
CD010753 0 30058034 20 189.411128041678 2019_official_m10p100f0t20p1m10 0
CD010753 0 30058034 20 189.411128041678 2019_official_m10p100f0t20p1m10 0
CD011140 0 17698761 1 18.7547095878164 2019_official_m10p100f0t20p1m10 0
CD011140 0 15183782 2 16.0010908251424 2019_official_m10p100f0t20p1m10 1
CD011140 0 11709247 3 25.9434400401259 2019_official_m10p100f0t20p1m10 0
CD011140 0 25372544 4 23.3351009899056 2019_official_m10p100f0t20p1m10 0
CD011140 0 20152782 5 22.8855862871125 2019_official_m10p100f0t20p1m10 0
CD011140 0 23971874 6 22.3275219981099 2019_official_m10p100f0t20p1m10 0
CD011140 0 16989902 7 20.843945460204 2019_official_m10p100f0t20p1m10 1
CD011140 0 26124633 8 37.2673024607687 2019_official_m10p100f0t20p1m10 0
CD011140 0 18760765 9 38.3595652187513 2019_official_m10p100f0t20p1m10 1
CD011140 0 8060925 10 33.4473423054875 2019_official_m10p100f0t20p1m10 0
CD011140 0 15465545 11 57.0318417179084 2019_official_m10p100f0t20p1m10 0
CD011140 0 15465545 11 57.0318417179084 2019_official_m10p100f0t20p1m10 0
CD011140 0 24957430 12 54.4058628578311 2019_official_m10p100f0t20p1m10 0
CD011140 0 24957430 12 54.4058628578311 2019_official_m10p100f0t20p1m10 0
CD011140 0 22057725 13 53.7350765113839 2019_official_m10p100f0t20p1m10 0
CD011140 0 22057725 13 53.7350765113839 2019_official_m10p100f0t20p1m10 0
CD011140 0 22244176 14 53.6013062003035 2019_official_m10p100f0t20p1m10 0
CD011140 0 22244176 14 53.6013062003035 2019_official_m10p100f0t20p1m10 0
CD011140 0 20417567 15 51.2491373613456 2019_official_m10p100f0t20p1m10 0
CD011140 0 20417567 15 51.2491373613456 2019_official_m10p100f0t20p1m10 0
CD011140 0 21723614 16 65.9255239180046 2019_official_m10p100f0t20p1m10 1
CD011140 0 21723614 16 65.9255239180046 2019_official_m10p100f0t20p1m10 1
CD011140 0 18830926 17 57.2317447498904 2019_official_m10p100f0t20p1m10 0
CD011140 0 18830926 17 57.2317447498904 2019_official_m10p100f0t20p1m10 0
CD011140 0 22422033 18 55.0689483496766 2019_official_m10p100f0t20p1m10 0
CD011140 0 22422033 18 55.0689483496766 2019_official_m10p100f0t20p1m10 0
CD011140 0 26162233 19 53.0128766419962 2019_official_m10p100f0t20p1m10 0
CD011140 0 26162233 19 53.0128766419962 2019_official_m10p100f0t20p1m10 0
CD011140 0 15844045 20 49.9628601132408 2019_official_m10p100f0t20p1m10 0
CD011140 0 15844045 20 49.9628601132408 2019_official_m10p100f0t20p1m10 0
CD011558 0 24674648 1 19.2180022027956 2019_official_m10p100f0t20p1m10 0
CD011558 0 25208460 2 19.1245312996487 2019_official_m10p100f0t20p1m10 0
CD011558 0 24144992 3 18.9998787346229 2019_official_m10p100f0t20p1m10 0
CD011558 0 25091866 4 17.5367426191357 2019_official_m10p100f0t20p1m10 0
CD011558 0 27358090 5 17.2013343725046 2019_official_m10p100f0t20p1m10 0
CD011558 0 26971317 6 16.2551203339812 2019_official_m10p100f0t20p1m10 0
CD011558 0 23547900 7 16.0429045408935 2019_official_m10p100f0t20p1m10 0
CD011558 0 26244452 8 15.8771822294216 2019_official_m10p100f0t20p1m10 0
CD011558 0 25843491 9 15.4523832432616 2019_official_m10p100f0t20p1m10 0
CD011558 0 27306769 10 15.3388695805769 2019_official_m10p100f0t20p1m10 0
CD011558 0 25843496 11 135.954344400019 2019_official_m10p100f0t20p1m10 0
CD011558 0 25843496 11 135.954344400019 2019_official_m10p100f0t20p1m10 0
CD011558 0 26361976 12 132.954275495589 2019_official_m10p100f0t20p1m10 0
CD011558 0 26361976 12 132.954275495589 2019_official_m10p100f0t20p1m10 0
CD011558 0 23324550 13 131.795866254809 2019_official_m10p100f0t20p1m10 0
CD011558 0 23324550 13 131.795866254809 2019_official_m10p100f0t20p1m10 0
CD011558 0 23694783 14 131.352581915614 2019_official_m10p100f0t20p1m10 0
CD011558 0 23694783 14 131.352581915614 2019_official_m10p100f0t20p1m10 0
CD011558 0 27142803 15 128.121306097576 2019_official_m10p100f0t20p1m10 0
CD011558 0 27142803 15 128.121306097576 2019_official_m10p100f0t20p1m10 0
CD011558 0 23714143 16 208.22932091016 2019_official_m10p100f0t20p1m10 0
CD011558 0 23714143 16 208.22932091016 2019_official_m10p100f0t20p1m10 0
CD011558 0 25652646 17 206.975118742174 2019_official_m10p100f0t20p1m10 0
CD011558 0 25652646 17 206.975118742174 2019_official_m10p100f0t20p1m10 0
CD011558 0 23638148 18 206.321851752288 2019_official_m10p100f0t20p1m10 0
CD011558 0 23638148 18 206.321851752288 2019_official_m10p100f0t20p1m10 0
CD011558 0 25948148 19 227.215822667205 2019_official_m10p100f0t20p1m10 0
CD011558 0 25948148 19 227.215822667205 2019_official_m10p100f0t20p1m10 0
CD011558 0 23819518 20 219.324848884938 2019_official_m10p100f0t20p1m10 0
CD011558 0 23819518 20 219.324848884938 2019_official_m10p100f0t20p1m10 0
CD011571 0 11899140 1 10.1975201052207 2019_official_m10p100f0t20p1m10 1
CD011571 0 10796842 2 13.9923832367751 2019_official_m10p100f0t20p1m10 0
CD011571 0 24283892 3 11.7656291429914 2019_official_m10p100f0t20p1m10 0
CD011571 0 18937661 4 10.4306093797077 2019_official_m10p100f0t20p1m10 1
CD011571 0 3086388 5 8.92508005463267 2019_official_m10p100f0t20p1m10 1
CD011571 0 1564153 6 15.3910751769902 2019_official_m10p100f0t20p1m10 1
CD011571 0 788767 7 10.6016055365386 2019_official_m10p100f0t20p1m10 0
CD011571 0 20299307 8 11.8437694545936 2019_official_m10p100f0t20p1m10 1
CD011571 0 16836499 9 10.3483603527897 2019_official_m10p100f0t20p1m10 0
CD011571 0 27819714 10 11.3600564238105 2019_official_m10p100f0t20p1m10 1
CD011571 0 16467019 11 9.050510036236 2019_official_m10p100f0t20p1m10 1
CD011571 0 22491250 12 25.3150627915909 2019_official_m10p100f0t20p1m10 1
CD011571 0 14510985 13 22.8687685507894 2019_official_m10p100f0t20p1m10 1
CD011571 0 23750651 14 20.3662969135611 2019_official_m10p100f0t20p1m10 0
CD011571 0 20137493 15 16.8612664209835 2019_official_m10p100f0t20p1m10 0
CD011571 0 19480679 16 15.706127842245 2019_official_m10p100f0t20p1m10 0
CD011571 0 22063790 17 14.5885033479354 2019_official_m10p100f0t20p1m10 0
CD011571 0 23978809 18 13.7716983017684 2019_official_m10p100f0t20p1m10 0
CD011571 0 352631 19 12.819288033208 2019_official_m10p100f0t20p1m10 0
CD011571 0 12010072 20 12.7030501298596 2019_official_m10p100f0t20p1m10 0
CD011571 0 11837570 21 11.8742385193575 2019_official_m10p100f0t20p1m10 0
CD011571 0 12476481 22 11.8398942390264 2019_official_m10p100f0t20p1m10 1
CD011571 0 4555647 23 15.5709296922466 2019_official_m10p100f0t20p1m10 0
CD011571 0 4555647 23 15.5709296922466 2019_official_m10p100f0t20p1m10 0
CD011571 0 28809995 24 11.994123109216 2019_official_m10p100f0t20p1m10 0
CD011571 0 28809995 24 11.994123109216 2019_official_m10p100f0t20p1m10 0
CD011571 0 3036023 25 11.0046955852941 2019_official_m10p100f0t20p1m10 0
CD011571 0 3036023 25 11.0046955852941 2019_official_m10p100f0t20p1m10 0
CD011571 0 10989574 26 9.87833976094982 2019_official_m10p100f0t20p1m10 1
CD011571 0 10989574 26 9.87833976094982 2019_official_m10p100f0t20p1m10 1
CD011686 0 20889080 1 16.1535931115691 2019_official_m10p100f0t20p1m10 0
CD011686 0 15864578 2 12.2098864194573 2019_official_m10p100f0t20p1m10 0
CD011686 0 2600705 3 11.8282984935043 2019_official_m10p100f0t20p1m10 0
CD011686 0 9716893 4 11.4964281969066 2019_official_m10p100f0t20p1m10 0
CD011686 0 24528980 5 11.3981588374973 2019_official_m10p100f0t20p1m10 1
CD011686 0 19002679 6 19.2907922866385 2019_official_m10p100f0t20p1m10 0
CD011686 0 4723185 7 18.8816179976285 2019_official_m10p100f0t20p1m10 0
CD011686 0 24786989 8 18.4669123764977 2019_official_m10p100f0t20p1m10 0
CD011686 0 7500404 9 17.7643725795808 2019_official_m10p100f0t20p1m10 0
CD011686 0 22528922 10 22.3909472133636 2019_official_m10p100f0t20p1m10 0
CD011686 0 21494169 11 59.0980215943035 2019_official_m10p100f0t20p1m10 0
CD011686 0 21494169 11 59.0980215943035 2019_official_m10p100f0t20p1m10 0
CD011686 0 15001401 12 55.2515072669608 2019_official_m10p100f0t20p1m10 0
CD011686 0 15001401 12 55.2515072669608 2019_official_m10p100f0t20p1m10 0
CD011686 0 12719159 13 54.8375329430645 2019_official_m10p100f0t20p1m10 0
CD011686 0 12719159 13 54.8375329430645 2019_official_m10p100f0t20p1m10 0
CD011686 0 20228715 14 54.0231845974971 2019_official_m10p100f0t20p1m10 0
CD011686 0 20228715 14 54.0231845974971 2019_official_m10p100f0t20p1m10 0
CD011686 0 22674041 15 53.4994854868975 2019_official_m10p100f0t20p1m10 0
CD011686 0 22674041 15 53.4994854868975 2019_official_m10p100f0t20p1m10 0
CD011686 0 21854487 16 63.4449369766017 2019_official_m10p100f0t20p1m10 1
CD011686 0 21854487 16 63.4449369766017 2019_official_m10p100f0t20p1m10 1
CD011686 0 16503334 17 53.5468440113071 2019_official_m10p100f0t20p1m10 0
CD011686 0 16503334 17 53.5468440113071 2019_official_m10p100f0t20p1m10 0
CD011686 0 19166635 18 53.098659711854 2019_official_m10p100f0t20p1m10 0
CD011686 0 19166635 18 53.098659711854 2019_official_m10p100f0t20p1m10 0
CD011686 0 15039695 19 52.9867395507236 2019_official_m10p100f0t20p1m10 1
CD011686 0 15039695 19 52.9867395507236 2019_official_m10p100f0t20p1m10 1
CD011686 0 20457772 20 73.7109152275917 2019_official_m10p100f0t20p1m10 1
CD011686 0 20457772 20 73.7109152275917 2019_official_m10p100f0t20p1m10 1
CD011768 0 19706219 1 19.7270601398818 2019_official_m10p100f0t20p1m10 0
CD011768 0 25857703 2 18.5039542530227 2019_official_m10p100f0t20p1m10 1
CD011768 0 26663964 3 28.9819723099185 2019_official_m10p100f0t20p1m10 0
CD011768 0 25639132 4 28.926946779691 2019_official_m10p100f0t20p1m10 1
CD011768 0 26075935 5 35.9075215927356 2019_official_m10p100f0t20p1m10 1
CD011768 0 27065308 6 36.9578080129556 2019_official_m10p100f0t20p1m10 1
CD011768 0 27386106 7 37.2169735142219 2019_official_m10p100f0t20p1m10 0
CD011768 0 10801920 8 38.625341914767 2019_official_m10p100f0t20p1m10 1
CD011768 0 22073798 9 38.7643174219107 2019_official_m10p100f0t20p1m10 0
CD011768 0 23020102 10 36.0706172808778 2019_official_m10p100f0t20p1m10 0
CD011768 0 15483634 11 37.1816839053582 2019_official_m10p100f0t20p1m10 1
CD011768 0 15483634 11 37.1816839053582 2019_official_m10p100f0t20p1m10 1
CD011768 0 14672301 12 78.4099914916717 2019_official_m10p100f0t20p1m10 0
CD011768 0 22625182 13 75.0719311736415 2019_official_m10p100f0t20p1m10 1
CD011768 0 1442668 14 83.748300989142 2019_official_m10p100f0t20p1m10 1
CD011768 0 1442668 14 83.748300989142 2019_official_m10p100f0t20p1m10 1
CD011768 0 15333726 15 76.4384017967198 2019_official_m10p100f0t20p1m10 1
CD011768 0 15333726 15 76.4384017967198 2019_official_m10p100f0t20p1m10 1
CD011768 0 18274163 16 68.383482273592 2019_official_m10p100f0t20p1m10 1
CD011768 0 18274163 16 68.383482273592 2019_official_m10p100f0t20p1m10 1
CD011768 0 25895196 17 67.3650075694653 2019_official_m10p100f0t20p1m10 0
CD011768 0 25895196 17 67.3650075694653 2019_official_m10p100f0t20p1m10 0
CD011768 0 21896234 18 65.8959873064167 2019_official_m10p100f0t20p1m10 0
CD011768 0 21896234 18 65.8959873064167 2019_official_m10p100f0t20p1m10 0
CD011768 0 19606191 19 65.5357288546258 2019_official_m10p100f0t20p1m10 0
CD011768 0 19606191 19 65.5357288546258 2019_official_m10p100f0t20p1m10 0
CD011768 0 15332358 20 64.494746894637 2019_official_m10p100f0t20p1m10 0
CD011768 0 15332358 20 64.494746894637 2019_official_m10p100f0t20p1m10 0
CD011768 0 15924983 21 64.4581793555383 2019_official_m10p100f0t20p1m10 1
CD011768 0 15924983 21 64.4581793555383 2019_official_m10p100f0t20p1m10 1
CD011787 0 16922034 1 13.7668503901628 2019_official_m10p100f0t20p1m10 0
CD011787 0 26691846 2 13.1512797051767 2019_official_m10p100f0t20p1m10 0
CD011787 0 19414692 3 12.6851158340691 2019_official_m10p100f0t20p1m10 0
CD011787 0 23186030 4 12.2273416935679 2019_official_m10p100f0t20p1m10 0
CD011787 0 21532793 5 12.1385180653591 2019_official_m10p100f0t20p1m10 0
CD011787 0 16942688 6 11.9425352537546 2019_official_m10p100f0t20p1m10 0
CD011787 0 21624117 7 11.6417111385282 2019_official_m10p100f0t20p1m10 0
CD011787 0 24011742 8 11.5282469226025 2019_official_m10p100f0t20p1m10 0
CD011787 0 26880154 9 11.4910250225733 2019_official_m10p100f0t20p1m10 0
CD011787 0 15149794 10 11.1696769732886 2019_official_m10p100f0t20p1m10 0
CD011787 0 25128911 11 117.563880185929 2019_official_m10p100f0t20p1m10 0
CD011787 0 25128911 11 117.563880185929 2019_official_m10p100f0t20p1m10 0
CD011787 0 25334094 12 116.987930394573 2019_official_m10p100f0t20p1m10 0
CD011787 0 25334094 12 116.987930394573 2019_official_m10p100f0t20p1m10 0
CD011787 0 20719213 13 110.212713117382 2019_official_m10p100f0t20p1m10 0
CD011787 0 20719213 13 110.212713117382 2019_official_m10p100f0t20p1m10 0
CD011787 0 18939971 14 105.657531334561 2019_official_m10p100f0t20p1m10 0
CD011787 0 18939971 14 105.657531334561 2019_official_m10p100f0t20p1m10 0
CD011787 0 23651533 15 103.272204862972 2019_official_m10p100f0t20p1m10 0
CD011787 0 23651533 15 103.272204862972 2019_official_m10p100f0t20p1m10 0
CD011787 0 17054746 16 189.450342199536 2019_official_m10p100f0t20p1m10 0
CD011787 0 17054746 16 189.450342199536 2019_official_m10p100f0t20p1m10 0
CD011787 0 19664250 17 182.037783926912 2019_official_m10p100f0t20p1m10 0
CD011787 0 19664250 17 182.037783926912 2019_official_m10p100f0t20p1m10 0
CD011787 0 21941095 18 177.682179551157 2019_official_m10p100f0t20p1m10 0
CD011787 0 21941095 18 177.682179551157 2019_official_m10p100f0t20p1m10 0
CD011787 0 18823531 19 188.742770052956 2019_official_m10p100f0t20p1m10 0
CD011787 0 18823531 19 188.742770052956 2019_official_m10p100f0t20p1m10 0
CD011787 0 25261615 20 185.602532682914 2019_official_m10p100f0t20p1m10 0
CD011787 0 25261615 20 185.602532682914 2019_official_m10p100f0t20p1m10 0
CD011977 0 17469752 1 10.5050643490004 2019_official_m10p100f0t20p1m10 1
CD011977 0 3466465 2 20.076083210097 2019_official_m10p100f0t20p1m10 0
CD011977 0 18191090 3 19.5162795487411 2019_official_m10p100f0t20p1m10 1
CD011977 0 15870573 4 24.5859130522628 2019_official_m10p100f0t20p1m10 0
CD011977 0 15093654 5 21.568066998088 2019_official_m10p100f0t20p1m10 0
CD011977 0 22108107 6 23.9978795111133 2019_official_m10p100f0t20p1m10 1
CD011977 0 25216318 7 22.9191698079444 2019_official_m10p100f0t20p1m10 1
CD011977 0 21111309 8 23.8034043276518 2019_official_m10p100f0t20p1m10 1
CD011977 0 21752591 9 24.4070105333978 2019_official_m10p100f0t20p1m10 0
CD011977 0 22520306 10 24.9213337739386 2019_official_m10p100f0t20p1m10 1
CD011977 0 18471631 11 43.4621548224972 2019_official_m10p100f0t20p1m10 1
CD011977 0 26096521 12 72.2171890676295 2019_official_m10p100f0t20p1m10 0
CD011977 0 26096521 12 72.2171890676295 2019_official_m10p100f0t20p1m10 0
CD011977 0 22287168 13 71.6863877256249 2019_official_m10p100f0t20p1m10 1
CD011977 0 22287168 13 71.6863877256249 2019_official_m10p100f0t20p1m10 1
CD011977 0 21111310 14 62.9946834916816 2019_official_m10p100f0t20p1m10 1
CD011977 0 21111310 14 62.9946834916816 2019_official_m10p100f0t20p1m10 1
CD011977 0 18361983 15 61.3823054434159 2019_official_m10p100f0t20p1m10 1
CD011977 0 18361983 15 61.3823054434159 2019_official_m10p100f0t20p1m10 1
CD011977 0 20202534 16 57.2274861251314 2019_official_m10p100f0t20p1m10 0
CD011977 0 20202534 16 57.2274861251314 2019_official_m10p100f0t20p1m10 0
CD011977 0 16445446 17 55.2205550792788 2019_official_m10p100f0t20p1m10 1
CD011977 0 16445446 17 55.2205550792788 2019_official_m10p100f0t20p1m10 1
CD011977 0 26286756 18 54.9465550015262 2019_official_m10p100f0t20p1m10 1
CD011977 0 26286756 18 54.9465550015262 2019_official_m10p100f0t20p1m10 1
CD011977 0 16473224 19 49.9177261799355 2019_official_m10p100f0t20p1m10 1
CD011977 0 16473224 19 49.9177261799355 2019_official_m10p100f0t20p1m10 1
CD011977 0 16564998 20 50.9357897700633 2019_official_m10p100f0t20p1m10 1
CD011977 0 16564998 20 50.9357897700633 2019_official_m10p100f0t20p1m10 1
CD011977 0 15852166 21 47.7134450874408 2019_official_m10p100f0t20p1m10 1
CD011977 0 15852166 21 47.7134450874408 2019_official_m10p100f0t20p1m10 1
CD012069 0 24432046 1 14.916646565038 2019_official_m10p100f0t20p1m10 1
CD012069 0 16768642 2 28.6918381550931 2019_official_m10p100f0t20p1m10 1
CD012069 0 16321724 3 27.5426982174475 2019_official_m10p100f0t20p1m10 0
CD012069 0 1347939 4 28.692745891048 2019_official_m10p100f0t20p1m10 0
CD012069 0 21425884 5 27.2415121447674 2019_official_m10p100f0t20p1m10 0
CD012069 0 20973707 6 26.0465871584077 2019_official_m10p100f0t20p1m10 1
CD012069 0 19777067 7 28.6112732583625 2019_official_m10p100f0t20p1m10 0
CD012069 0 19702486 8 28.6758559247246 2019_official_m10p100f0t20p1m10 0
CD012069 0 16175106 9 28.5210264832464 2019_official_m10p100f0t20p1m10 1
CD012069 0 19374023 10 33.1383673013491 2019_official_m10p100f0t20p1m10 1
CD012069 0 16379515 11 32.2185171046444 2019_official_m10p100f0t20p1m10 0
CD012069 0 16379515 11 32.2185171046444 2019_official_m10p100f0t20p1m10 0
CD012069 0 19881968 12 31.851290828456 2019_official_m10p100f0t20p1m10 1
CD012069 0 19881968 12 31.851290828456 2019_official_m10p100f0t20p1m10 1
CD012069 0 12649629 13 80.236041190585 2019_official_m10p100f0t20p1m10 1
CD012069 0 21192153 14 81.0972788843027 2019_official_m10p100f0t20p1m10 0
CD012069 0 12487502 15 80.1673517602355 2019_official_m10p100f0t20p1m10 1
CD012069 0 19877974 16 74.7826892813331 2019_official_m10p100f0t20p1m10 0
CD012069 0 16389216 17 72.2888740080217 2019_official_m10p100f0t20p1m10 1
CD012069 0 21904084 18 70.4801176314938 2019_official_m10p100f0t20p1m10 1
CD012069 0 21469923 19 82.8223248720463 2019_official_m10p100f0t20p1m10 1
CD012069 0 23332456 20 77.5590523775949 2019_official_m10p100f0t20p1m10 0
CD012069 0 17979587 21 73.3775735273698 2019_official_m10p100f0t20p1m10 1
CD012069 0 14658924 22 73.5837551627502 2019_official_m10p100f0t20p1m10 0
CD012069 0 24456065 23 71.8183284191573 2019_official_m10p100f0t20p1m10 0
CD012069 0 17335326 24 71.4772870192137 2019_official_m10p100f0t20p1m10 0
CD012069 0 21901416 25 71.2433572772405 2019_official_m10p100f0t20p1m10 1
CD012069 0 19916704 26 70.6692769592956 2019_official_m10p100f0t20p1m10 1
CD012080 0 8804881 1 11.1382871888853 2019_official_m10p100f0t20p1m10 0
CD012080 0 7747032 2 10.6025011025835 2019_official_m10p100f0t20p1m10 0
CD012080 0 19999112 3 10.4267782805225 2019_official_m10p100f0t20p1m10 0
CD012080 0 12187749 4 10.3722229372621 2019_official_m10p100f0t20p1m10 0
CD012080 0 12607318 5 10.2976704445964 2019_official_m10p100f0t20p1m10 0
CD012080 0 9885745 6 10.1878297517038 2019_official_m10p100f0t20p1m10 0
CD012080 0 14722996 7 10.0699390338556 2019_official_m10p100f0t20p1m10 0
CD012080 0 15572885 8 9.99420358296103 2019_official_m10p100f0t20p1m10 0
CD012080 0 9190573 9 9.80437372943346 2019_official_m10p100f0t20p1m10 0
CD012080 0 19086456 10 9.67199528714704 2019_official_m10p100f0t20p1m10 0
CD012080 0 15912972 11 74.9980896181851 2019_official_m10p100f0t20p1m10 0
CD012080 0 15912972 11 74.9980896181851 2019_official_m10p100f0t20p1m10 0
CD012080 0 9795468 12 72.384203183928 2019_official_m10p100f0t20p1m10 0
CD012080 0 9795468 12 72.384203183928 2019_official_m10p100f0t20p1m10 0
CD012080 0 25071324 13 72.3654853799613 2019_official_m10p100f0t20p1m10 0
CD012080 0 25071324 13 72.3654853799613 2019_official_m10p100f0t20p1m10 0
CD012080 0 12197911 14 72.0646454810887 2019_official_m10p100f0t20p1m10 0
CD012080 0 12197911 14 72.0646454810887 2019_official_m10p100f0t20p1m10 0
CD012080 0 24443069 15 71.6984420731181 2019_official_m10p100f0t20p1m10 0
CD012080 0 24443069 15 71.6984420731181 2019_official_m10p100f0t20p1m10 0
CD012080 0 11929385 16 196.409014067434 2019_official_m10p100f0t20p1m10 0
CD012080 0 11929385 16 196.409014067434 2019_official_m10p100f0t20p1m10 0
CD012080 0 9764040 17 192.187062523362 2019_official_m10p100f0t20p1m10 0
CD012080 0 9764040 17 192.187062523362 2019_official_m10p100f0t20p1m10 0
CD012080 0 22951408 18 158.827220679656 2019_official_m10p100f0t20p1m10 0
CD012080 0 22951408 18 158.827220679656 2019_official_m10p100f0t20p1m10 0
CD012080 0 16179835 19 180.905322670694 2019_official_m10p100f0t20p1m10 0
CD012080 0 16179835 19 180.905322670694 2019_official_m10p100f0t20p1m10 0
CD012080 0 11849123 20 211.07894593344 2019_official_m10p100f0t20p1m10 0
CD012080 0 11849123 20 211.07894593344 2019_official_m10p100f0t20p1m10 0
CD012164 0 24357450 1 9.58867409997404 2019_official_m10p100f0t20p1m10 0
CD012164 0 21656715 2 9.56655016748967 2019_official_m10p100f0t20p1m10 1
CD012164 0 12822732 3 17.1922474697749 2019_official_m10p100f0t20p1m10 0
CD012164 0 11840425 4 16.1067948028788 2019_official_m10p100f0t20p1m10 0
CD012164 0 23422097 5 14.9624937469386 2019_official_m10p100f0t20p1m10 1
CD012164 0 9615161 6 23.299515850081 2019_official_m10p100f0t20p1m10 0
CD012164 0 14981453 7 19.5332374965342 2019_official_m10p100f0t20p1m10 0
CD012164 0 10512597 8 20.9705121450107 2019_official_m10p100f0t20p1m10 1
CD012164 0 12618690 9 18.2028287534689 2019_official_m10p100f0t20p1m10 0
CD012164 0 16950434 10 18.0122896468858 2019_official_m10p100f0t20p1m10 1
CD012164 0 27095286 11 26.3680072495255 2019_official_m10p100f0t20p1m10 0
CD012164 0 27095286 11 26.3680072495255 2019_official_m10p100f0t20p1m10 0
CD012164 0 9423722 12 23.8564327097446 2019_official_m10p100f0t20p1m10 1
CD012164 0 9423722 12 23.8564327097446 2019_official_m10p100f0t20p1m10 1
CD012164 0 11331845 13 54.0432798475946 2019_official_m10p100f0t20p1m10 0
CD012164 0 11331845 13 54.0432798475946 2019_official_m10p100f0t20p1m10 0
CD012164 0 20628101 14 42.3426481231848 2019_official_m10p100f0t20p1m10 0
CD012164 0 20628101 14 42.3426481231848 2019_official_m10p100f0t20p1m10 0
CD012164 0 24872682 15 40.9950959481689 2019_official_m10p100f0t20p1m10 0
CD012164 0 24872682 15 40.9950959481689 2019_official_m10p100f0t20p1m10 0
CD012164 0 26993193 16 36.8505060478519 2019_official_m10p100f0t20p1m10 0
CD012164 0 26993193 16 36.8505060478519 2019_official_m10p100f0t20p1m10 0
CD012164 0 26004968 17 36.2744286977754 2019_official_m10p100f0t20p1m10 0
CD012164 0 26004968 17 36.2744286977754 2019_official_m10p100f0t20p1m10 0
CD012164 0 12651168 18 35.9815435027607 2019_official_m10p100f0t20p1m10 0
CD012164 0 12651168 18 35.9815435027607 2019_official_m10p100f0t20p1m10 0
CD012164 0 7976095 19 33.2421497403897 2019_official_m10p100f0t20p1m10 1
CD012164 0 7976095 19 33.2421497403897 2019_official_m10p100f0t20p1m10 1
CD012164 0 19602507 20 28.2581289664675 2019_official_m10p100f0t20p1m10 0
CD012164 0 19602507 20 28.2581289664675 2019_official_m10p100f0t20p1m10 0
CD012233 0 8781795 1 7.39223659484467 2019_official_m10p100f0t20p1m10 0
CD012233 0 11248179 2 7.03711829759922 2019_official_m10p100f0t20p1m10 1
CD012233 0 9765103 3 10.6801237799846 2019_official_m10p100f0t20p1m10 0
CD012233 0 27619811 4 11.2637780942962 2019_official_m10p100f0t20p1m10 0
CD012233 0 23233003 5 11.6603336604273 2019_official_m10p100f0t20p1m10 0
CD012233 0 9136581 6 12.8185881279328 2019_official_m10p100f0t20p1m10 0
CD012233 0 10203082 7 10.6439491527074 2019_official_m10p100f0t20p1m10 0
CD012233 0 23749271 8 10.6393157146334 2019_official_m10p100f0t20p1m10 0
CD012233 0 19452579 9 10.3467247880096 2019_official_m10p100f0t20p1m10 1
CD012233 0 27832311 10 21.9676028037719 2019_official_m10p100f0t20p1m10 0
CD012233 0 19556839 11 30.142086269428 2019_official_m10p100f0t20p1m10 0
CD012233 0 19556839 11 30.142086269428 2019_official_m10p100f0t20p1m10 0
CD012233 0 10644321 12 29.2992673976345 2019_official_m10p100f0t20p1m10 1
CD012233 0 10644321 12 29.2992673976345 2019_official_m10p100f0t20p1m10 1
CD012233 0 12471539 13 54.5105645847727 2019_official_m10p100f0t20p1m10 1
CD012233 0 12471539 13 54.5105645847727 2019_official_m10p100f0t20p1m10 1
CD012233 0 16534690 14 53.2646360284403 2019_official_m10p100f0t20p1m10 1
CD012233 0 16534690 14 53.2646360284403 2019_official_m10p100f0t20p1m10 1
CD012233 0 16481968 15 44.6323270340472 2019_official_m10p100f0t20p1m10 0
CD012233 0 16481968 15 44.6323270340472 2019_official_m10p100f0t20p1m10 0
CD012233 0 21633532 16 44.3628805528916 2019_official_m10p100f0t20p1m10 1
CD012233 0 21633532 16 44.3628805528916 2019_official_m10p100f0t20p1m10 1
CD012233 0 28695432 17 38.6355148904374 2019_official_m10p100f0t20p1m10 0
CD012233 0 28695432 17 38.6355148904374 2019_official_m10p100f0t20p1m10 0
CD012233 0 10968853 18 36.5046538388632 2019_official_m10p100f0t20p1m10 1
CD012233 0 10968853 18 36.5046538388632 2019_official_m10p100f0t20p1m10 1
CD012233 0 19249773 19 31.5374151026679 2019_official_m10p100f0t20p1m10 0
CD012233 0 19249773 19 31.5374151026679 2019_official_m10p100f0t20p1m10 0
CD012233 0 11427869 20 29.974339220215 2019_official_m10p100f0t20p1m10 0
CD012233 0 11427869 20 29.974339220215 2019_official_m10p100f0t20p1m10 0
CD012342 0 24273485 1 15.5834967819968 2019_official_m10p100f0t20p1m10 0
CD012342 0 16304366 2 13.0748682441101 2019_official_m10p100f0t20p1m10 0
CD012342 0 2832926 3 12.489720294401 2019_official_m10p100f0t20p1m10 0
CD012342 0 3593647 4 12.131085601868 2019_official_m10p100f0t20p1m10 0
CD012342 0 10929028 5 11.7959037954898 2019_official_m10p100f0t20p1m10 0
CD012342 0 8461459 6 11.2154744921739 2019_official_m10p100f0t20p1m10 0
CD012342 0 1497964 7 10.9951874756867 2019_official_m10p100f0t20p1m10 0
CD012342 0 24666134 8 10.7861577848678 2019_official_m10p100f0t20p1m10 0
CD012342 0 19074082 9 10.6865946806161 2019_official_m10p100f0t20p1m10 0
CD012342 0 9372025 10 10.6856732572068 2019_official_m10p100f0t20p1m10 0
CD012342 0 19245931 11 112.024776237778 2019_official_m10p100f0t20p1m10 0
CD012342 0 19245931 11 112.024776237778 2019_official_m10p100f0t20p1m10 0
CD012342 0 26364898 12 111.258254110323 2019_official_m10p100f0t20p1m10 0
CD012342 0 26364898 12 111.258254110323 2019_official_m10p100f0t20p1m10 0
CD012342 0 10091415 13 110.624017646161 2019_official_m10p100f0t20p1m10 0
CD012342 0 10091415 13 110.624017646161 2019_official_m10p100f0t20p1m10 0
CD012342 0 11914001 14 110.242455505174 2019_official_m10p100f0t20p1m10 0
CD012342 0 11914001 14 110.242455505174 2019_official_m10p100f0t20p1m10 0
CD012342 0 11859 15 109.212795578673 2019_official_m10p100f0t20p1m10 0
CD012342 0 11859 15 109.212795578673 2019_official_m10p100f0t20p1m10 0
CD012342 0 10081270 16 198.417133513054 2019_official_m10p100f0t20p1m10 0
CD012342 0 10081270 16 198.417133513054 2019_official_m10p100f0t20p1m10 0
CD012342 0 10494032 17 184.206690365527 2019_official_m10p100f0t20p1m10 0
CD012342 0 10494032 17 184.206690365527 2019_official_m10p100f0t20p1m10 0
CD012342 0 8915820 18 181.931858053716 2019_official_m10p100f0t20p1m10 0
CD012342 0 8915820 18 181.931858053716 2019_official_m10p100f0t20p1m10 0
CD012342 0 9490211 19 198.15226819858 2019_official_m10p100f0t20p1m10 0
CD012342 0 9490211 19 198.15226819858 2019_official_m10p100f0t20p1m10 0
CD012342 0 19436840 20 200.53359406154 2019_official_m10p100f0t20p1m10 0
CD012342 0 19436840 20 200.53359406154 2019_official_m10p100f0t20p1m10 0
CD012455 0 26092575 1 11.9059886299565 2019_official_m10p100f0t20p1m10 0
CD012455 0 25647773 2 11.5070356554397 2019_official_m10p100f0t20p1m10 1
CD012455 0 10672435 3 18.1738989793928 2019_official_m10p100f0t20p1m10 1
CD012455 0 22419624 4 22.4383850833503 2019_official_m10p100f0t20p1m10 0
CD012455 0 25881268 5 20.903493954934 2019_official_m10p100f0t20p1m10 0
CD012455 0 16009284 6 20.2362023276956 2019_official_m10p100f0t20p1m10 0
CD012455 0 20502874 7 19.99409060893 2019_official_m10p100f0t20p1m10 0
CD012455 0 25135124 8 22.50138638444 2019_official_m10p100f0t20p1m10 0
CD012455 0 25969139 9 24.8045056098489 2019_official_m10p100f0t20p1m10 1
CD012455 0 23719785 10 22.5495024822215 2019_official_m10p100f0t20p1m10 0
CD012455 0 16930101 11 55.9077297298123 2019_official_m10p100f0t20p1m10 1
CD012455 0 16930101 11 55.9077297298123 2019_official_m10p100f0t20p1m10 1
CD012455 0 16721192 12 85.8689092493028 2019_official_m10p100f0t20p1m10 0
CD012455 0 16721192 12 85.8689092493028 2019_official_m10p100f0t20p1m10 0
CD012455 0 9470087 13 83.3366545712043 2019_official_m10p100f0t20p1m10 0
CD012455 0 9470087 13 83.3366545712043 2019_official_m10p100f0t20p1m10 0
CD012455 0 7818063 14 77.3545747604648 2019_official_m10p100f0t20p1m10 0
CD012455 0 7818063 14 77.3545747604648 2019_official_m10p100f0t20p1m10 0
CD012455 0 22391336 15 75.660072022775 2019_official_m10p100f0t20p1m10 0
CD012455 0 22391336 15 75.660072022775 2019_official_m10p100f0t20p1m10 0
CD012455 0 26547518 16 73.3682941774244 2019_official_m10p100f0t20p1m10 0
CD012455 0 26547518 16 73.3682941774244 2019_official_m10p100f0t20p1m10 0
CD012455 0 25890587 17 72.5923370855073 2019_official_m10p100f0t20p1m10 0
CD012455 0 25890587 17 72.5923370855073 2019_official_m10p100f0t20p1m10 0
CD012455 0 26215384 18 72.575878424073 2019_official_m10p100f0t20p1m10 0
CD012455 0 26215384 18 72.575878424073 2019_official_m10p100f0t20p1m10 0
CD012455 0 27590460 19 72.2777922344636 2019_official_m10p100f0t20p1m10 0
CD012455 0 27590460 19 72.2777922344636 2019_official_m10p100f0t20p1m10 0
CD012455 0 22110929 20 71.8499048206215 2019_official_m10p100f0t20p1m10 0
CD012455 0 22110929 20 71.8499048206215 2019_official_m10p100f0t20p1m10 0
CD012551 0 15723617 1 10.8242224798327 2019_official_m10p100f0t20p1m10 0
CD012551 0 11141861 2 7.11747316144918 2019_official_m10p100f0t20p1m10 0
CD012551 0 19641356 3 6.84048028823925 2019_official_m10p100f0t20p1m10 1
CD012551 0 15978232 4 15.1633386005711 2019_official_m10p100f0t20p1m10 0
CD012551 0 22985128 5 16.2560440163481 2019_official_m10p100f0t20p1m10 0
CD012551 0 22870266 6 19.4695765509417 2019_official_m10p100f0t20p1m10 1
CD012551 0 21436307 7 19.1358535610586 2019_official_m10p100f0t20p1m10 1
CD012551 0 15225385 8 19.7629406361543 2019_official_m10p100f0t20p1m10 0
CD012551 0 19111075 9 19.452742130583 2019_official_m10p100f0t20p1m10 1
CD012551 0 12031372 10 23.7284782340821 2019_official_m10p100f0t20p1m10 0
CD012551 0 15829018 11 47.4366659954218 2019_official_m10p100f0t20p1m10 0
CD012551 0 15829018 11 47.4366659954218 2019_official_m10p100f0t20p1m10 0
CD012551 0 25582816 12 46.745992626824 2019_official_m10p100f0t20p1m10 1
CD012551 0 25582816 12 46.745992626824 2019_official_m10p100f0t20p1m10 1
CD012551 0 22098964 13 79.4137779091036 2019_official_m10p100f0t20p1m10 0
CD012551 0 22098964 13 79.4137779091036 2019_official_m10p100f0t20p1m10 0
CD012551 0 27821109 14 79.299228242223 2019_official_m10p100f0t20p1m10 0
CD012551 0 27821109 14 79.299228242223 2019_official_m10p100f0t20p1m10 0
CD012551 0 16468084 15 78.5990708125553 2019_official_m10p100f0t20p1m10 0
CD012551 0 16468084 15 78.5990708125553 2019_official_m10p100f0t20p1m10 0
CD012551 0 25939517 16 77.9237453125833 2019_official_m10p100f0t20p1m10 1
CD012551 0 25939517 16 77.9237453125833 2019_official_m10p100f0t20p1m10 1
CD012551 0 20113410 17 69.6344600480535 2019_official_m10p100f0t20p1m10 0
CD012551 0 20113410 17 69.6344600480535 2019_official_m10p100f0t20p1m10 0
CD012551 0 23568442 18 68.1061909355592 2019_official_m10p100f0t20p1m10 0
CD012551 0 23568442 18 68.1061909355592 2019_official_m10p100f0t20p1m10 0
CD012551 0 15267206 19 67.8016226031545 2019_official_m10p100f0t20p1m10 0
CD012551 0 15267206 19 67.8016226031545 2019_official_m10p100f0t20p1m10 0
CD012551 0 19394499 20 67.768466263016 2019_official_m10p100f0t20p1m10 1
CD012551 0 19394499 20 67.768466263016 2019_official_m10p100f0t20p1m10 1
CD012567 0 21865109 1 23.1258677408755 2019_official_m10p100f0t20p1m10 0
CD012567 0 21904409 2 22.5060166080775 2019_official_m10p100f0t20p1m10 0
CD012567 0 20381038 3 21.4252182060441 2019_official_m10p100f0t20p1m10 0
CD012567 0 21319052 4 21.2170358576415 2019_official_m10p100f0t20p1m10 0
CD012567 0 21668318 5 20.743378932899 2019_official_m10p100f0t20p1m10 0
CD012567 0 21046510 6 19.7969176430318 2019_official_m10p100f0t20p1m10 0
CD012567 0 21365363 7 19.5451056004722 2019_official_m10p100f0t20p1m10 0
CD012567 0 12523601 8 19.4046421537514 2019_official_m10p100f0t20p1m10 0
CD012567 0 12881107 9 19.2662561685985 2019_official_m10p100f0t20p1m10 0
CD012567 0 20839002 10 19.2058199668352 2019_official_m10p100f0t20p1m10 0
CD012567 0 22375721 11 79.7890880772255 2019_official_m10p100f0t20p1m10 0
CD012567 0 22375721 11 79.7890880772255 2019_official_m10p100f0t20p1m10 0
CD012567 0 11733978 12 78.716375296517 2019_official_m10p100f0t20p1m10 0
CD012567 0 11733978 12 78.716375296517 2019_official_m10p100f0t20p1m10 0
CD012567 0 18430248 13 75.1506309702097 2019_official_m10p100f0t20p1m10 0
CD012567 0 18430248 13 75.1506309702097 2019_official_m10p100f0t20p1m10 0
CD012567 0 12117196 14 74.0884205635492 2019_official_m10p100f0t20p1m10 0
CD012567 0 12117196 14 74.0884205635492 2019_official_m10p100f0t20p1m10 0
CD012567 0 15868082 15 73.138313170568 2019_official_m10p100f0t20p1m10 0
CD012567 0 15868082 15 73.138313170568 2019_official_m10p100f0t20p1m10 0
CD012567 0 19556902 16 133.612565908375 2019_official_m10p100f0t20p1m10 0
CD012567 0 19556902 16 133.612565908375 2019_official_m10p100f0t20p1m10 0
CD012567 0 9144854 17 132.977427815264 2019_official_m10p100f0t20p1m10 0
CD012567 0 9144854 17 132.977427815264 2019_official_m10p100f0t20p1m10 0
CD012567 0 19626378 18 131.948638032664 2019_official_m10p100f0t20p1m10 0
CD012567 0 19626378 18 131.948638032664 2019_official_m10p100f0t20p1m10 0
CD012567 0 22198834 19 172.806219351288 2019_official_m10p100f0t20p1m10 0
CD012567 0 22198834 19 172.806219351288 2019_official_m10p100f0t20p1m10 0
CD012567 0 7894290 20 152.833983185371 2019_official_m10p100f0t20p1m10 0
CD012567 0 7894290 20 152.833983185371 2019_official_m10p100f0t20p1m10 0
CD012661 0 22752941 1 9.64893790104749 2019_official_m10p100f0t20p1m10 0
CD012661 0 26472574 2 8.89735343623618 2019_official_m10p100f0t20p1m10 0
CD012661 0 22474136 3 8.30838159619484 2019_official_m10p100f0t20p1m10 0
CD012661 0 21142816 4 8.24320566614184 2019_official_m10p100f0t20p1m10 0
CD012661 0 6370765 5 8.20168093297108 2019_official_m10p100f0t20p1m10 0
CD012661 0 12702001 6 7.61611791712415 2019_official_m10p100f0t20p1m10 0
CD012661 0 23877981 7 7.43826976247956 2019_official_m10p100f0t20p1m10 0
CD012661 0 19929989 8 7.06045774278354 2019_official_m10p100f0t20p1m10 0
CD012661 0 25771523 9 6.98770991369757 2019_official_m10p100f0t20p1m10 0
CD012661 0 22913899 10 6.98702706841293 2019_official_m10p100f0t20p1m10 0
CD012661 0 18174967 11 118.853049231217 2019_official_m10p100f0t20p1m10 0
CD012661 0 18174967 11 118.853049231217 2019_official_m10p100f0t20p1m10 0
CD012661 0 18392213 12 118.853049231217 2019_official_m10p100f0t20p1m10 0
CD012661 0 18392213 12 118.853049231217 2019_official_m10p100f0t20p1m10 0
CD012661 0 15209755 13 118.843865718574 2019_official_m10p100f0t20p1m10 0
CD012661 0 15209755 13 118.843865718574 2019_official_m10p100f0t20p1m10 0
CD012661 0 21812221 14 111.60406513133 2019_official_m10p100f0t20p1m10 0
CD012661 0 21812221 14 111.60406513133 2019_official_m10p100f0t20p1m10 0
CD012661 0 25732030 15 111.494434028294 2019_official_m10p100f0t20p1m10 0
CD012661 0 25732030 15 111.494434028294 2019_official_m10p100f0t20p1m10 0
CD012661 0 16437030 16 415.769088844453 2019_official_m10p100f0t20p1m10 0
CD012661 0 16437030 16 415.769088844453 2019_official_m10p100f0t20p1m10 0
CD012661 0 18535325 17 181.967569656661 2019_official_m10p100f0t20p1m10 0
CD012661 0 18535325 17 181.967569656661 2019_official_m10p100f0t20p1m10 0
CD012661 0 15669880 18 180.991719572885 2019_official_m10p100f0t20p1m10 0
CD012661 0 15669880 18 180.991719572885 2019_official_m10p100f0t20p1m10 0
CD012661 0 21792295 19 203.621661955436 2019_official_m10p100f0t20p1m10 0
CD012661 0 21792295 19 203.621661955436 2019_official_m10p100f0t20p1m10 0
CD012661 0 21183531 20 251.478036838435 2019_official_m10p100f0t20p1m10 0
CD012661 0 21183531 20 251.478036838435 2019_official_m10p100f0t20p1m10 0
CD012669 0 27898631 1 13.0649429137312 2019_official_m10p100f0t20p1m10 0
CD012669 0 23401874 2 10.1611636097064 2019_official_m10p100f0t20p1m10 0
CD012669 0 26265969 3 9.03160011435038 2019_official_m10p100f0t20p1m10 0
CD012669 0 27358042 4 8.82427931915677 2019_official_m10p100f0t20p1m10 0
CD012669 0 22161958 5 8.77750469558612 2019_official_m10p100f0t20p1m10 0
CD012669 0 22386361 6 8.74313128986279 2019_official_m10p100f0t20p1m10 0
CD012669 0 23458146 7 8.57677177180457 2019_official_m10p100f0t20p1m10 0
CD012669 0 25825532 8 8.48891184981033 2019_official_m10p100f0t20p1m10 0
CD012669 0 21345104 9 8.34112141435795 2019_official_m10p100f0t20p1m10 0
CD012669 0 25060078 10 8.1685955927731 2019_official_m10p100f0t20p1m10 0
CD012669 0 24987237 11 75.7668690601308 2019_official_m10p100f0t20p1m10 0
CD012669 0 24987237 11 75.7668690601308 2019_official_m10p100f0t20p1m10 0
CD012669 0 22576434 12 68.8590662977138 2019_official_m10p100f0t20p1m10 0
CD012669 0 22576434 12 68.8590662977138 2019_official_m10p100f0t20p1m10 0
CD012669 0 25852109 13 68.0928359420001 2019_official_m10p100f0t20p1m10 0
CD012669 0 25852109 13 68.0928359420001 2019_official_m10p100f0t20p1m10 0
CD012669 0 6375164 14 67.3655346413116 2019_official_m10p100f0t20p1m10 0
CD012669 0 6375164 14 67.3655346413116 2019_official_m10p100f0t20p1m10 0
CD012669 0 26650716 15 66.6387952726065 2019_official_m10p100f0t20p1m10 0
CD012669 0 26650716 15 66.6387952726065 2019_official_m10p100f0t20p1m10 0
CD012669 0 18248707 16 143.774339663305 2019_official_m10p100f0t20p1m10 0
CD012669 0 18248707 16 143.774339663305 2019_official_m10p100f0t20p1m10 0
CD012669 0 25432552 17 139.759189921779 2019_official_m10p100f0t20p1m10 0
CD012669 0 25432552 17 139.759189921779 2019_official_m10p100f0t20p1m10 0
CD012669 0 27035835 18 139.223271571192 2019_official_m10p100f0t20p1m10 0
CD012669 0 27035835 18 139.223271571192 2019_official_m10p100f0t20p1m10 0
CD012669 0 24401163 19 220.213268024572 2019_official_m10p100f0t20p1m10 0
CD012669 0 24401163 19 220.213268024572 2019_official_m10p100f0t20p1m10 0
CD012669 0 26033127 20 204.271092777709 2019_official_m10p100f0t20p1m10 0
CD012669 0 26033127 20 204.271092777709 2019_official_m10p100f0t20p1m10 0
CD012768 0 21958145 1 5.7121639305051 2019_official_m10p100f0t20p1m10 0
CD012768 0 23580687 2 5.39673287638592 2019_official_m10p100f0t20p1m10 0
CD012768 0 22381459 3 5.35411427214225 2019_official_m10p100f0t20p1m10 0
CD012768 0 26004172 4 5.30659600585791 2019_official_m10p100f0t20p1m10 0
CD012768 0 22966426 5 5.21404571642499 2019_official_m10p100f0t20p1m10 1
CD012768 0 23827859 6 14.8363610342126 2019_official_m10p100f0t20p1m10 1
CD012768 0 21998430 7 23.6748266272483 2019_official_m10p100f0t20p1m10 0
CD012768 0 26703940 8 22.7728828759668 2019_official_m10p100f0t20p1m10 1
CD012768 0 25767518 9 27.374830925069 2019_official_m10p100f0t20p1m10 0
CD012768 0 22162564 10 25.6725038374117 2019_official_m10p100f0t20p1m10 1
CD012768 0 27866961 11 33.9304544748177 2019_official_m10p100f0t20p1m10 0
CD012768 0 26311855 12 29.6142720307786 2019_official_m10p100f0t20p1m10 0
CD012768 0 23986128 13 26.8284090011545 2019_official_m10p100f0t20p1m10 0
CD012768 0 21270230 14 25.496415525396 2019_official_m10p100f0t20p1m10 1
CD012768 0 25878624 15 30.8410184927206 2019_official_m10p100f0t20p1m10 1
CD012768 0 25878624 15 30.8410184927206 2019_official_m10p100f0t20p1m10 1
CD012768 0 25686186 16 35.0000045895294 2019_official_m10p100f0t20p1m10 0
CD012768 0 25686186 16 35.0000045895294 2019_official_m10p100f0t20p1m10 0
CD012768 0 21593262 17 31.1545630442784 2019_official_m10p100f0t20p1m10 0
CD012768 0 21593262 17 31.1545630442784 2019_official_m10p100f0t20p1m10 0
CD012768 0 25686134 18 31.1375153629037 2019_official_m10p100f0t20p1m10 0
CD012768 0 25686134 18 31.1375153629037 2019_official_m10p100f0t20p1m10 0
CD012768 0 27143080 19 30.2102209302457 2019_official_m10p100f0t20p1m10 1
CD012768 0 27143080 19 30.2102209302457 2019_official_m10p100f0t20p1m10 1
CD012768 0 22241741 20 32.8495464859877 2019_official_m10p100f0t20p1m10 0
CD012768 0 22241741 20 32.8495464859877 2019_official_m10p100f0t20p1m10 0
CD012768 0 21653775 21 32.1548554210525 2019_official_m10p100f0t20p1m10 0
CD012768 0 21653775 21 32.1548554210525 2019_official_m10p100f0t20p1m10 0
CD012768 0 28425873 22 31.6654443011264 2019_official_m10p100f0t20p1m10 0
CD012768 0 28425873 22 31.6654443011264 2019_official_m10p100f0t20p1m10 0
