CD000996 0 10325928 1 4.03682922605212 2019_official_m10p100f1t50p1m10 0
CD000996 0 8745755 2 3.57385815275344 2019_official_m10p100f1t50p1m10 0
CD000996 0 10612158 3 3.45534324929204 2019_official_m10p100f1t50p1m10 0
CD000996 0 9713457 4 3.45534324929204 2019_official_m10p100f1t50p1m10 0
CD000996 0 27329097 5 3.44107928156352 2019_official_m10p100f1t50p1m10 0
CD000996 0 28065254 6 3.39898533005732 2019_official_m10p100f1t50p1m10 0
CD000996 0 21300218 7 3.25307355806731 2019_official_m10p100f1t50p1m10 0
CD000996 0 7953501 8 3.24042763070187 2019_official_m10p100f1t50p1m10 0
CD000996 0 3107762 9 3.15458614395801 2019_official_m10p100f1t50p1m10 0
CD000996 0 19323585 10 3.15458614395801 2019_official_m10p100f1t50p1m10 0
CD000996 0 11687146 11 3.14269294143674 2019_official_m10p100f1t50p1m10 0
CD000996 0 19996746 12 3.14269294143674 2019_official_m10p100f1t50p1m10 0
CD000996 0 24625938 13 3.10754538334049 2019_official_m10p100f1t50p1m10 0
CD000996 0 15206498 14 3.01755076797738 2019_official_m10p100f1t50p1m10 1
CD000996 0 15977917 15 6.55909917083807 2019_official_m10p100f1t50p1m10 0
CD000996 0 19301932 16 6.48863254229657 2019_official_m10p100f1t50p1m10 0
CD000996 0 1470715 17 6.48775920826105 2019_official_m10p100f1t50p1m10 0
CD000996 0 19659645 18 6.41966391404296 2019_official_m10p100f1t50p1m10 0
CD000996 0 7721084 19 6.28603356608203 2019_official_m10p100f1t50p1m10 0
CD000996 0 9742866 20 6.13699610474327 2019_official_m10p100f1t50p1m10 0
CD000996 0 18508829 21 6.13699610474327 2019_official_m10p100f1t50p1m10 0
CD000996 0 15999563 22 6.03479554510065 2019_official_m10p100f1t50p1m10 0
CD000996 0 21500868 23 6.03479554510065 2019_official_m10p100f1t50p1m10 0
CD000996 0 15581196 24 5.91656003002313 2019_official_m10p100f1t50p1m10 1
CD000996 0 1519835 25 9.4964152497589 2019_official_m10p100f1t50p1m10 0
CD000996 0 9730996 26 40.9552778810015 2019_official_m10p100f1t50p1m10 1
CD000996 0 9730996 26 40.9552778810015 2019_official_m10p100f1t50p1m10 1
CD000996 0 15741443 27 127.904247835445 2019_official_m10p100f1t50p1m10 1
CD000996 0 15741443 27 127.904247835445 2019_official_m10p100f1t50p1m10 1
CD000996 0 1615177 28 90.8174337619683 2019_official_m10p100f1t50p1m10 1
CD000996 0 1615177 28 90.8174337619683 2019_official_m10p100f1t50p1m10 1
CD000996 0 22684355 29 52.654917133757 2019_official_m10p100f1t50p1m10 1
CD000996 0 11535971 30 39.6503797506717 2019_official_m10p100f1t50p1m10 0
CD000996 0 11535971 30 39.6503797506717 2019_official_m10p100f1t50p1m10 0
CD000996 0 21778259 31 33.7577539667575 2019_official_m10p100f1t50p1m10 1
CD000996 0 21778259 31 33.7577539667575 2019_official_m10p100f1t50p1m10 1
CD000996 0 16434174 32 37.3012424180141 2019_official_m10p100f1t50p1m10 1
CD000996 0 16434174 32 37.3012424180141 2019_official_m10p100f1t50p1m10 1
CD000996 0 27759640 33 32.2087658171484 2019_official_m10p100f1t50p1m10 0
CD000996 0 27759640 33 32.2087658171484 2019_official_m10p100f1t50p1m10 0
CD000996 0 17622756 34 27.146702813287 2019_official_m10p100f1t50p1m10 0
CD000996 0 17622756 34 27.146702813287 2019_official_m10p100f1t50p1m10 0
CD000996 0 19138237 35 25.0810566285183 2019_official_m10p100f1t50p1m10 1
CD000996 0 19138237 35 25.0810566285183 2019_official_m10p100f1t50p1m10 1
CD000996 0 8225430 36 20.6638677529173 2019_official_m10p100f1t50p1m10 0
CD000996 0 8225430 36 20.6638677529173 2019_official_m10p100f1t50p1m10 0
CD000996 0 24670577 37 18.9280348202906 2019_official_m10p100f1t50p1m10 0
CD000996 0 24670577 37 18.9280348202906 2019_official_m10p100f1t50p1m10 0
CD000996 0 11535970 38 18.8695252406614 2019_official_m10p100f1t50p1m10 0
CD000996 0 11535970 38 18.8695252406614 2019_official_m10p100f1t50p1m10 0
CD000996 0 11796435 39 19.0412883956868 2019_official_m10p100f1t50p1m10 0
CD000996 0 11796435 39 19.0412883956868 2019_official_m10p100f1t50p1m10 0
CD000996 0 20624789 40 16.5064645700356 2019_official_m10p100f1t50p1m10 0
CD000996 0 20624789 40 16.5064645700356 2019_official_m10p100f1t50p1m10 0
CD000996 0 25882347 41 16.3768813279659 2019_official_m10p100f1t50p1m10 0
CD000996 0 25882347 41 16.3768813279659 2019_official_m10p100f1t50p1m10 0
CD000996 0 10796575 42 16.3592423909222 2019_official_m10p100f1t50p1m10 0
CD000996 0 10796575 42 16.3592423909222 2019_official_m10p100f1t50p1m10 0
CD000996 0 26293490 43 15.980568630383 2019_official_m10p100f1t50p1m10 0
CD000996 0 26293490 43 15.980568630383 2019_official_m10p100f1t50p1m10 0
CD000996 0 22046624 44 15.814042319261 2019_official_m10p100f1t50p1m10 0
CD000996 0 22046624 44 15.814042319261 2019_official_m10p100f1t50p1m10 0
CD000996 0 1198394 45 14.0654743004437 2019_official_m10p100f1t50p1m10 0
CD000996 0 1198394 45 14.0654743004437 2019_official_m10p100f1t50p1m10 0
CD000996 0 8984918 46 13.0802596820316 2019_official_m10p100f1t50p1m10 0
CD000996 0 8984918 46 13.0802596820316 2019_official_m10p100f1t50p1m10 0
CD000996 0 24913725 47 13.0414203550092 2019_official_m10p100f1t50p1m10 0
CD000996 0 24913725 47 13.0414203550092 2019_official_m10p100f1t50p1m10 0
CD000996 0 16548837 48 12.5653824731693 2019_official_m10p100f1t50p1m10 0
CD000996 0 16548837 48 12.5653824731693 2019_official_m10p100f1t50p1m10 0
CD000996 0 24853025 49 12.4589594783132 2019_official_m10p100f1t50p1m10 0
CD000996 0 24853025 49 12.4589594783132 2019_official_m10p100f1t50p1m10 0
CD000996 0 19064594 50 12.3284670478616 2019_official_m10p100f1t50p1m10 0
CD000996 0 19064594 50 12.3284670478616 2019_official_m10p100f1t50p1m10 0
CD001261 0 3492750 1 5.98697599919979 2019_official_m10p100f1t50p1m10 0
CD001261 0 4957973 2 5.46712150344896 2019_official_m10p100f1t50p1m10 0
CD001261 0 21301672 3 4.34523463877108 2019_official_m10p100f1t50p1m10 0
CD001261 0 16231259 4 4.20153775266182 2019_official_m10p100f1t50p1m10 0
CD001261 0 984617 5 4.06704073737396 2019_official_m10p100f1t50p1m10 0
CD001261 0 16887737 6 3.95451670965624 2019_official_m10p100f1t50p1m10 0
CD001261 0 10689239 7 3.94088749610518 2019_official_m10p100f1t50p1m10 0
CD001261 0 26920587 8 3.94088749610518 2019_official_m10p100f1t50p1m10 0
CD001261 0 21676350 9 3.9273519058561 2019_official_m10p100f1t50p1m10 0
CD001261 0 359524 10 3.91390897751971 2019_official_m10p100f1t50p1m10 0
CD001261 0 17928109 11 3.87412674553132 2019_official_m10p100f1t50p1m10 0
CD001261 0 8952202 12 3.87412674553132 2019_official_m10p100f1t50p1m10 0
CD001261 0 25912286 13 3.83514509502394 2019_official_m10p100f1t50p1m10 0
CD001261 0 22954612 14 3.79694010027075 2019_official_m10p100f1t50p1m10 0
CD001261 0 12864957 15 3.75948877951565 2019_official_m10p100f1t50p1m10 0
CD001261 0 19806505 16 3.73492899887817 2019_official_m10p100f1t50p1m10 0
CD001261 0 4978572 17 3.73206407292318 2019_official_m10p100f1t50p1m10 0
CD001261 0 24491597 18 3.69868514981225 2019_official_m10p100f1t50p1m10 0
CD001261 0 766526 19 3.69868514981225 2019_official_m10p100f1t50p1m10 0
CD001261 0 17582564 20 3.68675967890551 2019_official_m10p100f1t50p1m10 1
CD001261 0 4580180 21 8.29508839792551 2019_official_m10p100f1t50p1m10 0
CD001261 0 11754633 22 8.26075230791069 2019_official_m10p100f1t50p1m10 1
CD001261 0 21120717 23 9.70739350477856 2019_official_m10p100f1t50p1m10 0
CD001261 0 9486743 24 9.70739350477856 2019_official_m10p100f1t50p1m10 0
CD001261 0 9486745 25 9.70739350477856 2019_official_m10p100f1t50p1m10 0
CD001261 0 2883393 26 53.7557188465255 2019_official_m10p100f1t50p1m10 1
CD001261 0 2883393 26 53.7557188465255 2019_official_m10p100f1t50p1m10 1
CD001261 0 1976928 27 70.0877090529347 2019_official_m10p100f1t50p1m10 1
CD001261 0 1976928 27 70.0877090529347 2019_official_m10p100f1t50p1m10 1
CD001261 0 10506405 28 51.2148231106146 2019_official_m10p100f1t50p1m10 1
CD001261 0 10506405 28 51.2148231106146 2019_official_m10p100f1t50p1m10 1
CD001261 0 3375787 29 57.9387787260812 2019_official_m10p100f1t50p1m10 0
CD001261 0 3375787 29 57.9387787260812 2019_official_m10p100f1t50p1m10 0
CD001261 0 2180234 30 57.7540277864096 2019_official_m10p100f1t50p1m10 1
CD001261 0 2180234 30 57.7540277864096 2019_official_m10p100f1t50p1m10 1
CD001261 0 12268039 31 51.6022697870586 2019_official_m10p100f1t50p1m10 0
CD001261 0 12268039 31 51.6022697870586 2019_official_m10p100f1t50p1m10 0
CD001261 0 6307787 32 48.7824544804921 2019_official_m10p100f1t50p1m10 1
CD001261 0 6307787 32 48.7824544804921 2019_official_m10p100f1t50p1m10 1
CD001261 0 338191 33 48.3524300961255 2019_official_m10p100f1t50p1m10 1
CD001261 0 338191 33 48.3524300961255 2019_official_m10p100f1t50p1m10 1
CD001261 0 4594320 34 44.5964234852259 2019_official_m10p100f1t50p1m10 1
CD001261 0 4594320 34 44.5964234852259 2019_official_m10p100f1t50p1m10 1
CD001261 0 7037982 35 41.8126885981331 2019_official_m10p100f1t50p1m10 1
CD001261 0 7037982 35 41.8126885981331 2019_official_m10p100f1t50p1m10 1
CD001261 0 6998594 36 49.6188861408491 2019_official_m10p100f1t50p1m10 1
CD001261 0 4948415 37 42.072889389496 2019_official_m10p100f1t50p1m10 1
CD001261 0 782977 38 38.8743741261655 2019_official_m10p100f1t50p1m10 1
CD001261 0 2647863 39 36.554611493705 2019_official_m10p100f1t50p1m10 1
CD001261 0 2647863 39 36.554611493705 2019_official_m10p100f1t50p1m10 1
CD001261 0 821802 40 30.5357271135044 2019_official_m10p100f1t50p1m10 0
CD001261 0 5303665 41 29.8228775582351 2019_official_m10p100f1t50p1m10 0
CD001261 0 4591283 42 28.3824999024683 2019_official_m10p100f1t50p1m10 0
CD001261 0 14455590 43 27.4985052883907 2019_official_m10p100f1t50p1m10 1
CD001261 0 14455590 43 27.4985052883907 2019_official_m10p100f1t50p1m10 1
CD001261 0 4603994 44 27.1507929328582 2019_official_m10p100f1t50p1m10 0
CD001261 0 4603994 44 27.1507929328582 2019_official_m10p100f1t50p1m10 0
CD001261 0 14198745 45 26.7861920003107 2019_official_m10p100f1t50p1m10 1
CD001261 0 14198745 45 26.7861920003107 2019_official_m10p100f1t50p1m10 1
CD001261 0 14196811 46 28.4357397092551 2019_official_m10p100f1t50p1m10 1
CD001261 0 14196811 46 28.4357397092551 2019_official_m10p100f1t50p1m10 1
CD001261 0 20604110 47 29.5135081302215 2019_official_m10p100f1t50p1m10 1
CD001261 0 20604110 47 29.5135081302215 2019_official_m10p100f1t50p1m10 1
CD001261 0 764996 48 30.3430943368565 2019_official_m10p100f1t50p1m10 1
CD001261 0 5307603 49 30.7618215008251 2019_official_m10p100f1t50p1m10 1
CD001261 0 5296128 50 30.9588650116285 2019_official_m10p100f1t50p1m10 1
CD001261 0 14290075 51 38.2769115480084 2019_official_m10p100f1t50p1m10 0
CD001261 0 5004428 52 30.66164583521 2019_official_m10p100f1t50p1m10 0
CD001261 0 5296393 53 29.6077572362642 2019_official_m10p100f1t50p1m10 1
CD001261 0 5301381 54 27.1222578000762 2019_official_m10p100f1t50p1m10 0
CD001261 0 13472436 55 26.6041804611837 2019_official_m10p100f1t50p1m10 1
CD001261 0 5937234 56 26.6413874786865 2019_official_m10p100f1t50p1m10 0
CD001261 0 1033223 57 25.9374814480283 2019_official_m10p100f1t50p1m10 0
CD004414 0 19202672 1 8.00261420923506 2019_official_m10p100f1t50p1m10 0
CD004414 0 17101004 2 7.90249724258799 2019_official_m10p100f1t50p1m10 0
CD004414 0 16650095 3 7.7442654136713 2019_official_m10p100f1t50p1m10 1
CD004414 0 15573643 4 13.0158382114407 2019_official_m10p100f1t50p1m10 1
CD004414 0 23844768 5 14.1656032141595 2019_official_m10p100f1t50p1m10 0
CD004414 0 12768427 6 14.0381837231086 2019_official_m10p100f1t50p1m10 0
CD004414 0 11918580 7 13.3380792892443 2019_official_m10p100f1t50p1m10 0
CD004414 0 8672794 8 12.8534506449387 2019_official_m10p100f1t50p1m10 0
CD004414 0 14641355 9 12.1636112241463 2019_official_m10p100f1t50p1m10 0
CD004414 0 2138952 10 12.0249496963169 2019_official_m10p100f1t50p1m10 0
CD004414 0 11123415 11 11.719887533994 2019_official_m10p100f1t50p1m10 0
CD004414 0 15030340 12 11.5730881138745 2019_official_m10p100f1t50p1m10 0
CD004414 0 17312364 13 11.429434627127 2019_official_m10p100f1t50p1m10 0
CD004414 0 15186378 14 11.3773606147673 2019_official_m10p100f1t50p1m10 0
CD004414 0 8000494 15 11.2216901995851 2019_official_m10p100f1t50p1m10 0
CD004414 0 23808934 16 10.8910026947634 2019_official_m10p100f1t50p1m10 0
CD004414 0 15280891 17 10.6547729097177 2019_official_m10p100f1t50p1m10 0
CD004414 0 15785948 18 10.640162145212 2019_official_m10p100f1t50p1m10 0
CD004414 0 20456103 19 10.3135438587642 2019_official_m10p100f1t50p1m10 0
CD004414 0 15996346 20 9.82708254328837 2019_official_m10p100f1t50p1m10 0
CD004414 0 18005316 21 9.60725696702328 2019_official_m10p100f1t50p1m10 0
CD004414 0 2566226 22 9.55990874797258 2019_official_m10p100f1t50p1m10 0
CD004414 0 15807812 23 9.54138117668412 2019_official_m10p100f1t50p1m10 0
CD004414 0 24102685 24 9.40514413928223 2019_official_m10p100f1t50p1m10 0
CD004414 0 21084020 25 9.30533952377266 2019_official_m10p100f1t50p1m10 0
CD004414 0 19438864 26 48.7336000118987 2019_official_m10p100f1t50p1m10 0
CD004414 0 19438864 26 48.7336000118987 2019_official_m10p100f1t50p1m10 0
CD004414 0 11907497 27 47.090506115528 2019_official_m10p100f1t50p1m10 0
CD004414 0 11907497 27 47.090506115528 2019_official_m10p100f1t50p1m10 0
CD004414 0 20536474 28 45.8103639708553 2019_official_m10p100f1t50p1m10 0
CD004414 0 20536474 28 45.8103639708553 2019_official_m10p100f1t50p1m10 0
CD004414 0 20199550 29 45.7849159716386 2019_official_m10p100f1t50p1m10 0
CD004414 0 20199550 29 45.7849159716386 2019_official_m10p100f1t50p1m10 0
CD004414 0 25431315 30 45.48157048808 2019_official_m10p100f1t50p1m10 1
CD004414 0 25431315 30 45.48157048808 2019_official_m10p100f1t50p1m10 1
CD004414 0 24828091 31 94.3650048899687 2019_official_m10p100f1t50p1m10 1
CD004414 0 24828091 31 94.3650048899687 2019_official_m10p100f1t50p1m10 1
CD004414 0 21867490 32 64.676365158798 2019_official_m10p100f1t50p1m10 1
CD004414 0 21867490 32 64.676365158798 2019_official_m10p100f1t50p1m10 1
CD004414 0 26573488 33 53.8319068178183 2019_official_m10p100f1t50p1m10 1
CD004414 0 26573488 33 53.8319068178183 2019_official_m10p100f1t50p1m10 1
CD004414 0 26987818 34 49.6136096302002 2019_official_m10p100f1t50p1m10 0
CD004414 0 26987818 34 49.6136096302002 2019_official_m10p100f1t50p1m10 0
CD004414 0 16426292 35 43.1685290163677 2019_official_m10p100f1t50p1m10 0
CD004414 0 16426292 35 43.1685290163677 2019_official_m10p100f1t50p1m10 0
CD004414 0 20807407 36 41.743777137021 2019_official_m10p100f1t50p1m10 0
CD004414 0 20807407 36 41.743777137021 2019_official_m10p100f1t50p1m10 0
CD004414 0 24245553 37 40.2952703252839 2019_official_m10p100f1t50p1m10 0
CD004414 0 24245553 37 40.2952703252839 2019_official_m10p100f1t50p1m10 0
CD004414 0 23236031 38 39.5587851053165 2019_official_m10p100f1t50p1m10 0
CD004414 0 23236031 38 39.5587851053165 2019_official_m10p100f1t50p1m10 0
CD004414 0 22691871 39 38.7418232071412 2019_official_m10p100f1t50p1m10 0
CD004414 0 22691871 39 38.7418232071412 2019_official_m10p100f1t50p1m10 0
CD004414 0 25739424 40 36.7158788311321 2019_official_m10p100f1t50p1m10 0
CD004414 0 25739424 40 36.7158788311321 2019_official_m10p100f1t50p1m10 0
CD004414 0 19804591 41 35.438072414127 2019_official_m10p100f1t50p1m10 1
CD004414 0 19804591 41 35.438072414127 2019_official_m10p100f1t50p1m10 1
CD004414 0 21974692 42 34.7711675839352 2019_official_m10p100f1t50p1m10 0
CD004414 0 21974692 42 34.7711675839352 2019_official_m10p100f1t50p1m10 0
CD004414 0 27113249 43 34.3149438783163 2019_official_m10p100f1t50p1m10 0
CD004414 0 27113249 43 34.3149438783163 2019_official_m10p100f1t50p1m10 0
CD004414 0 24766387 44 34.119647962898 2019_official_m10p100f1t50p1m10 0
CD004414 0 24766387 44 34.119647962898 2019_official_m10p100f1t50p1m10 0
CD004414 0 19951404 45 34.0901717932306 2019_official_m10p100f1t50p1m10 0
CD004414 0 19951404 45 34.0901717932306 2019_official_m10p100f1t50p1m10 0
CD004414 0 18972125 46 33.902152525246 2019_official_m10p100f1t50p1m10 1
CD004414 0 18972125 46 33.902152525246 2019_official_m10p100f1t50p1m10 1
CD004414 0 11298697 47 34.5970403030762 2019_official_m10p100f1t50p1m10 1
CD004414 0 11298697 47 34.5970403030762 2019_official_m10p100f1t50p1m10 1
CD004414 0 7935145 48 30.9599068267999 2019_official_m10p100f1t50p1m10 1
CD004414 0 7935145 48 30.9599068267999 2019_official_m10p100f1t50p1m10 1
CD004414 0 9924451 49 29.0373556119397 2019_official_m10p100f1t50p1m10 0
CD004414 0 9924451 49 29.0373556119397 2019_official_m10p100f1t50p1m10 0
CD004414 0 10926708 50 28.5924161453327 2019_official_m10p100f1t50p1m10 1
CD004414 0 10926708 50 28.5924161453327 2019_official_m10p100f1t50p1m10 1
CD006468 0 2618981 1 10.8181969370246 2019_official_m10p100f1t50p1m10 0
CD006468 0 14980999 2 10.3280989455235 2019_official_m10p100f1t50p1m10 0
CD006468 0 27766659 3 10.1241644669512 2019_official_m10p100f1t50p1m10 0
CD006468 0 3039833 4 9.88029896609562 2019_official_m10p100f1t50p1m10 0
CD006468 0 16340833 5 9.5262321148321 2019_official_m10p100f1t50p1m10 0
CD006468 0 14870792 6 9.42619271088702 2019_official_m10p100f1t50p1m10 0
CD006468 0 15334865 7 9.00581860074059 2019_official_m10p100f1t50p1m10 0
CD006468 0 16131048 8 8.90848534021847 2019_official_m10p100f1t50p1m10 0
CD006468 0 16044753 9 8.89320030405712 2019_official_m10p100f1t50p1m10 1
CD006468 0 19009679 10 13.4047886351115 2019_official_m10p100f1t50p1m10 0
CD006468 0 18755652 11 13.2123133359018 2019_official_m10p100f1t50p1m10 0
CD006468 0 12904704 12 11.697225508846 2019_official_m10p100f1t50p1m10 0
CD006468 0 26914084 13 11.6682976777955 2019_official_m10p100f1t50p1m10 0
CD006468 0 25063013 14 10.1350499057035 2019_official_m10p100f1t50p1m10 0
CD006468 0 18094721 15 9.95907750942101 2019_official_m10p100f1t50p1m10 0
CD006468 0 2796884 16 9.95822035058378 2019_official_m10p100f1t50p1m10 0
CD006468 0 19687734 17 9.82254202426505 2019_official_m10p100f1t50p1m10 0
CD006468 0 12520161 18 9.82113824266109 2019_official_m10p100f1t50p1m10 0
CD006468 0 15639113 19 9.70494284872042 2019_official_m10p100f1t50p1m10 0
CD006468 0 16637461 20 9.70494284872042 2019_official_m10p100f1t50p1m10 0
CD006468 0 9288462 21 9.26141809527558 2019_official_m10p100f1t50p1m10 0
CD006468 0 8462905 22 9.19140879889798 2019_official_m10p100f1t50p1m10 0
CD006468 0 17432275 23 9.1592022526663 2019_official_m10p100f1t50p1m10 0
CD006468 0 15303776 24 9.05686627522872 2019_official_m10p100f1t50p1m10 0
CD006468 0 8071393 25 8.8743806481605 2019_official_m10p100f1t50p1m10 0
CD006468 0 23542046 26 14.7864140225304 2019_official_m10p100f1t50p1m10 0
CD006468 0 23542046 26 14.7864140225304 2019_official_m10p100f1t50p1m10 0
CD006468 0 9198139 27 14.0484154149203 2019_official_m10p100f1t50p1m10 0
CD006468 0 9198139 27 14.0484154149203 2019_official_m10p100f1t50p1m10 0
CD006468 0 7509509 28 13.7356917774805 2019_official_m10p100f1t50p1m10 0
CD006468 0 7509509 28 13.7356917774805 2019_official_m10p100f1t50p1m10 0
CD006468 0 7992021 29 13.6815545662396 2019_official_m10p100f1t50p1m10 0
CD006468 0 7992021 29 13.6815545662396 2019_official_m10p100f1t50p1m10 0
CD006468 0 1221227 30 13.5136546187072 2019_official_m10p100f1t50p1m10 0
CD006468 0 1221227 30 13.5136546187072 2019_official_m10p100f1t50p1m10 0
CD006468 0 6083956 31 13.1873665425105 2019_official_m10p100f1t50p1m10 0
CD006468 0 6083956 31 13.1873665425105 2019_official_m10p100f1t50p1m10 0
CD006468 0 6832015 32 13.1486762960056 2019_official_m10p100f1t50p1m10 0
CD006468 0 6832015 32 13.1486762960056 2019_official_m10p100f1t50p1m10 0
CD006468 0 1098726 33 13.1386193344259 2019_official_m10p100f1t50p1m10 0
CD006468 0 1098726 33 13.1386193344259 2019_official_m10p100f1t50p1m10 0
CD006468 0 21455855 34 12.9830741887485 2019_official_m10p100f1t50p1m10 0
CD006468 0 21455855 34 12.9830741887485 2019_official_m10p100f1t50p1m10 0
CD006468 0 10646078 35 12.7992557445134 2019_official_m10p100f1t50p1m10 1
CD006468 0 10646078 35 12.7992557445134 2019_official_m10p100f1t50p1m10 1
CD006468 0 11680834 36 33.6727800331225 2019_official_m10p100f1t50p1m10 0
CD006468 0 11680834 36 33.6727800331225 2019_official_m10p100f1t50p1m10 0
CD006468 0 16080578 37 33.1953786209696 2019_official_m10p100f1t50p1m10 1
CD006468 0 16080578 37 33.1953786209696 2019_official_m10p100f1t50p1m10 1
CD006468 0 10569501 38 78.2647179024477 2019_official_m10p100f1t50p1m10 0
CD006468 0 10569501 38 78.2647179024477 2019_official_m10p100f1t50p1m10 0
CD006468 0 11885848 39 77.9519131083517 2019_official_m10p100f1t50p1m10 1
CD006468 0 11885848 39 77.9519131083517 2019_official_m10p100f1t50p1m10 1
CD006468 0 16369969 40 54.6553204845704 2019_official_m10p100f1t50p1m10 0
CD006468 0 16369969 40 54.6553204845704 2019_official_m10p100f1t50p1m10 0
CD006468 0 9198142 41 53.7640350226047 2019_official_m10p100f1t50p1m10 0
CD006468 0 9198142 41 53.7640350226047 2019_official_m10p100f1t50p1m10 0
CD006468 0 22703114 42 50.3148552486259 2019_official_m10p100f1t50p1m10 0
CD006468 0 22703114 42 50.3148552486259 2019_official_m10p100f1t50p1m10 0
CD006468 0 12887943 43 48.6311047904966 2019_official_m10p100f1t50p1m10 0
CD006468 0 12887943 43 48.6311047904966 2019_official_m10p100f1t50p1m10 0
CD006468 0 17878131 44 47.1880924941329 2019_official_m10p100f1t50p1m10 0
CD006468 0 17878131 44 47.1880924941329 2019_official_m10p100f1t50p1m10 0
CD006468 0 19491122 45 46.8130791112586 2019_official_m10p100f1t50p1m10 0
CD006468 0 19491122 45 46.8130791112586 2019_official_m10p100f1t50p1m10 0
CD006468 0 15477645 46 46.7879948152369 2019_official_m10p100f1t50p1m10 0
CD006468 0 15477645 46 46.7879948152369 2019_official_m10p100f1t50p1m10 0
CD006468 0 12586814 47 46.6924190829741 2019_official_m10p100f1t50p1m10 0
CD006468 0 12586814 47 46.6924190829741 2019_official_m10p100f1t50p1m10 0
CD006468 0 15454250 48 46.3533869634817 2019_official_m10p100f1t50p1m10 0
CD006468 0 15454250 48 46.3533869634817 2019_official_m10p100f1t50p1m10 0
CD006468 0 19217973 49 46.0376005877457 2019_official_m10p100f1t50p1m10 0
CD006468 0 19217973 49 46.0376005877457 2019_official_m10p100f1t50p1m10 0
CD006468 0 10473927 50 44.4347794241525 2019_official_m10p100f1t50p1m10 0
CD006468 0 10473927 50 44.4347794241525 2019_official_m10p100f1t50p1m10 0
CD007867 0 25629747 1 8.89617122851006 2019_official_m10p100f1t50p1m10 0
CD007867 0 25629748 2 8.89617122851006 2019_official_m10p100f1t50p1m10 0
CD007867 0 25629749 3 8.89617122851006 2019_official_m10p100f1t50p1m10 0
CD007867 0 25629750 4 8.89617122851006 2019_official_m10p100f1t50p1m10 0
CD007867 0 26275119 5 8.20516834186335 2019_official_m10p100f1t50p1m10 0
CD007867 0 11882397 6 7.90550712682622 2019_official_m10p100f1t50p1m10 1
CD007867 0 26084508 7 13.2274717963437 2019_official_m10p100f1t50p1m10 0
CD007867 0 7922450 8 12.6568942893004 2019_official_m10p100f1t50p1m10 0
CD007867 0 26539443 9 12.4096617850694 2019_official_m10p100f1t50p1m10 0
CD007867 0 17119168 10 12.3581090282689 2019_official_m10p100f1t50p1m10 0
CD007867 0 20852184 11 12.1398560619986 2019_official_m10p100f1t50p1m10 0
CD007867 0 19496380 12 11.9770637390189 2019_official_m10p100f1t50p1m10 0
CD007867 0 23883571 13 11.8996769412839 2019_official_m10p100f1t50p1m10 1
CD007867 0 8252439 14 13.6456983568714 2019_official_m10p100f1t50p1m10 0
CD007867 0 25332331 15 13.374456347342 2019_official_m10p100f1t50p1m10 1
CD007867 0 17327740 16 13.3061617550546 2019_official_m10p100f1t50p1m10 0
CD007867 0 22411521 17 13.1846666470582 2019_official_m10p100f1t50p1m10 0
CD007867 0 7593897 18 13.1846666470582 2019_official_m10p100f1t50p1m10 1
CD007867 0 27016160 19 13.7624962826347 2019_official_m10p100f1t50p1m10 0
CD007867 0 11975921 20 13.6738089986438 2019_official_m10p100f1t50p1m10 0
CD007867 0 22309755 21 13.4317307089993 2019_official_m10p100f1t50p1m10 0
CD007867 0 20004079 22 13.3634422005006 2019_official_m10p100f1t50p1m10 0
CD007867 0 22411511 23 13.0836213099841 2019_official_m10p100f1t50p1m10 0
CD007867 0 19490739 24 12.9637201176479 2019_official_m10p100f1t50p1m10 0
CD007867 0 17967380 25 12.8849994656926 2019_official_m10p100f1t50p1m10 0
CD007867 0 22569619 26 106.562150822048 2019_official_m10p100f1t50p1m10 0
CD007867 0 22569619 26 106.562150822048 2019_official_m10p100f1t50p1m10 0
CD007867 0 16509783 27 104.727133220681 2019_official_m10p100f1t50p1m10 0
CD007867 0 16509783 27 104.727133220681 2019_official_m10p100f1t50p1m10 0
CD007867 0 11010935 28 101.091735890856 2019_official_m10p100f1t50p1m10 0
CD007867 0 11010935 28 101.091735890856 2019_official_m10p100f1t50p1m10 0
CD007867 0 23135707 29 99.9125169202374 2019_official_m10p100f1t50p1m10 0
CD007867 0 23135707 29 99.9125169202374 2019_official_m10p100f1t50p1m10 0
CD007867 0 21270385 30 97.9186924111027 2019_official_m10p100f1t50p1m10 1
CD007867 0 21270385 30 97.9186924111027 2019_official_m10p100f1t50p1m10 1
CD007867 0 3136196 31 82.6394730344769 2019_official_m10p100f1t50p1m10 0
CD007867 0 3136196 31 82.6394730344769 2019_official_m10p100f1t50p1m10 0
CD007867 0 11881303 32 77.6376086278841 2019_official_m10p100f1t50p1m10 0
CD007867 0 11881303 32 77.6376086278841 2019_official_m10p100f1t50p1m10 0
CD007867 0 11470731 33 72.3125684425453 2019_official_m10p100f1t50p1m10 0
CD007867 0 11470731 33 72.3125684425453 2019_official_m10p100f1t50p1m10 0
CD007867 0 11744338 34 69.8071812574488 2019_official_m10p100f1t50p1m10 0
CD007867 0 11744338 34 69.8071812574488 2019_official_m10p100f1t50p1m10 0
CD007867 0 12005464 35 69.7694864694402 2019_official_m10p100f1t50p1m10 0
CD007867 0 12005464 35 69.7694864694402 2019_official_m10p100f1t50p1m10 0
CD007867 0 23737948 36 68.8630578559605 2019_official_m10p100f1t50p1m10 0
CD007867 0 23737948 36 68.8630578559605 2019_official_m10p100f1t50p1m10 0
CD007867 0 10758361 37 68.3127200358675 2019_official_m10p100f1t50p1m10 0
CD007867 0 10758361 37 68.3127200358675 2019_official_m10p100f1t50p1m10 0
CD007867 0 12056791 38 67.859018824352 2019_official_m10p100f1t50p1m10 0
CD007867 0 12056791 38 67.859018824352 2019_official_m10p100f1t50p1m10 0
CD007867 0 27403176 39 67.4010298910852 2019_official_m10p100f1t50p1m10 0
CD007867 0 27403176 39 67.4010298910852 2019_official_m10p100f1t50p1m10 0
CD007867 0 15772383 40 66.5754005169255 2019_official_m10p100f1t50p1m10 1
CD007867 0 15772383 40 66.5754005169255 2019_official_m10p100f1t50p1m10 1
CD007867 0 8400745 41 57.6743172811149 2019_official_m10p100f1t50p1m10 0
CD007867 0 8400745 41 57.6743172811149 2019_official_m10p100f1t50p1m10 0
CD007867 0 21340655 42 56.8351952167683 2019_official_m10p100f1t50p1m10 0
CD007867 0 21340655 42 56.8351952167683 2019_official_m10p100f1t50p1m10 0
CD007867 0 3087701 43 56.8310337573156 2019_official_m10p100f1t50p1m10 0
CD007867 0 3087701 43 56.8310337573156 2019_official_m10p100f1t50p1m10 0
CD007867 0 9934058 44 56.1075325032353 2019_official_m10p100f1t50p1m10 0
CD007867 0 9934058 44 56.1075325032353 2019_official_m10p100f1t50p1m10 0
CD007867 0 24740496 45 55.5760433247551 2019_official_m10p100f1t50p1m10 0
CD007867 0 24740496 45 55.5760433247551 2019_official_m10p100f1t50p1m10 0
CD007867 0 15673887 46 55.5306988647503 2019_official_m10p100f1t50p1m10 0
CD007867 0 15673887 46 55.5306988647503 2019_official_m10p100f1t50p1m10 0
CD007867 0 16132885 47 55.186849802655 2019_official_m10p100f1t50p1m10 0
CD007867 0 16132885 47 55.186849802655 2019_official_m10p100f1t50p1m10 0
CD007867 0 26228321 48 55.0949688638323 2019_official_m10p100f1t50p1m10 0
CD007867 0 26228321 48 55.0949688638323 2019_official_m10p100f1t50p1m10 0
CD007867 0 2501372 49 54.9253979606855 2019_official_m10p100f1t50p1m10 0
CD007867 0 2501372 49 54.9253979606855 2019_official_m10p100f1t50p1m10 0
CD007867 0 22702088 50 54.7875581561807 2019_official_m10p100f1t50p1m10 0
CD007867 0 22702088 50 54.7875581561807 2019_official_m10p100f1t50p1m10 0
CD000996 0 10325928 1 4.03682922605212 2019_official_m10p100f1t50p1m10 0
CD000996 0 8745755 2 3.57385815275344 2019_official_m10p100f1t50p1m10 0
CD000996 0 10612158 3 3.45534324929204 2019_official_m10p100f1t50p1m10 0
CD000996 0 9713457 4 3.45534324929204 2019_official_m10p100f1t50p1m10 0
CD000996 0 27329097 5 3.44107928156352 2019_official_m10p100f1t50p1m10 0
CD000996 0 28065254 6 3.39898533005732 2019_official_m10p100f1t50p1m10 0
CD000996 0 21300218 7 3.25307355806731 2019_official_m10p100f1t50p1m10 0
CD000996 0 7953501 8 3.24042763070187 2019_official_m10p100f1t50p1m10 0
CD000996 0 3107762 9 3.15458614395801 2019_official_m10p100f1t50p1m10 0
CD000996 0 19323585 10 3.15458614395801 2019_official_m10p100f1t50p1m10 0
CD000996 0 11687146 11 3.14269294143674 2019_official_m10p100f1t50p1m10 0
CD000996 0 19996746 12 3.14269294143674 2019_official_m10p100f1t50p1m10 0
CD000996 0 24625938 13 3.10754538334049 2019_official_m10p100f1t50p1m10 0
CD000996 0 15206498 14 3.01755076797738 2019_official_m10p100f1t50p1m10 1
CD000996 0 15977917 15 6.55909917083807 2019_official_m10p100f1t50p1m10 0
CD000996 0 19301932 16 6.48863254229657 2019_official_m10p100f1t50p1m10 0
CD000996 0 1470715 17 6.48775920826105 2019_official_m10p100f1t50p1m10 0
CD000996 0 19659645 18 6.41966391404296 2019_official_m10p100f1t50p1m10 0
CD000996 0 7721084 19 6.28603356608203 2019_official_m10p100f1t50p1m10 0
CD000996 0 9742866 20 6.13699610474327 2019_official_m10p100f1t50p1m10 0
CD000996 0 18508829 21 6.13699610474327 2019_official_m10p100f1t50p1m10 0
CD000996 0 15999563 22 6.03479554510065 2019_official_m10p100f1t50p1m10 0
CD000996 0 21500868 23 6.03479554510065 2019_official_m10p100f1t50p1m10 0
CD000996 0 15581196 24 5.91656003002313 2019_official_m10p100f1t50p1m10 1
CD000996 0 1519835 25 9.4964152497589 2019_official_m10p100f1t50p1m10 0
CD000996 0 9730996 26 40.9552778810015 2019_official_m10p100f1t50p1m10 1
CD000996 0 9730996 26 40.9552778810015 2019_official_m10p100f1t50p1m10 1
CD000996 0 15741443 27 127.904247835445 2019_official_m10p100f1t50p1m10 1
CD000996 0 15741443 27 127.904247835445 2019_official_m10p100f1t50p1m10 1
CD000996 0 1615177 28 90.8174337619683 2019_official_m10p100f1t50p1m10 1
CD000996 0 1615177 28 90.8174337619683 2019_official_m10p100f1t50p1m10 1
CD000996 0 22684355 29 52.654917133757 2019_official_m10p100f1t50p1m10 1
CD000996 0 11535971 30 39.6503797506717 2019_official_m10p100f1t50p1m10 0
CD000996 0 11535971 30 39.6503797506717 2019_official_m10p100f1t50p1m10 0
CD000996 0 21778259 31 33.7577539667575 2019_official_m10p100f1t50p1m10 1
CD000996 0 21778259 31 33.7577539667575 2019_official_m10p100f1t50p1m10 1
CD000996 0 16434174 32 37.3012424180141 2019_official_m10p100f1t50p1m10 1
CD000996 0 16434174 32 37.3012424180141 2019_official_m10p100f1t50p1m10 1
CD000996 0 27759640 33 32.2087658171484 2019_official_m10p100f1t50p1m10 0
CD000996 0 27759640 33 32.2087658171484 2019_official_m10p100f1t50p1m10 0
CD000996 0 17622756 34 27.146702813287 2019_official_m10p100f1t50p1m10 0
CD000996 0 17622756 34 27.146702813287 2019_official_m10p100f1t50p1m10 0
CD000996 0 19138237 35 25.0810566285183 2019_official_m10p100f1t50p1m10 1
CD000996 0 19138237 35 25.0810566285183 2019_official_m10p100f1t50p1m10 1
CD000996 0 8225430 36 20.6638677529173 2019_official_m10p100f1t50p1m10 0
CD000996 0 8225430 36 20.6638677529173 2019_official_m10p100f1t50p1m10 0
CD000996 0 24670577 37 18.9280348202906 2019_official_m10p100f1t50p1m10 0
CD000996 0 24670577 37 18.9280348202906 2019_official_m10p100f1t50p1m10 0
CD000996 0 11535970 38 18.8695252406614 2019_official_m10p100f1t50p1m10 0
CD000996 0 11535970 38 18.8695252406614 2019_official_m10p100f1t50p1m10 0
CD000996 0 11796435 39 19.0412883956868 2019_official_m10p100f1t50p1m10 0
CD000996 0 11796435 39 19.0412883956868 2019_official_m10p100f1t50p1m10 0
CD000996 0 20624789 40 16.5064645700356 2019_official_m10p100f1t50p1m10 0
CD000996 0 20624789 40 16.5064645700356 2019_official_m10p100f1t50p1m10 0
CD000996 0 25882347 41 16.3768813279659 2019_official_m10p100f1t50p1m10 0
CD000996 0 25882347 41 16.3768813279659 2019_official_m10p100f1t50p1m10 0
CD000996 0 10796575 42 16.3592423909222 2019_official_m10p100f1t50p1m10 0
CD000996 0 10796575 42 16.3592423909222 2019_official_m10p100f1t50p1m10 0
CD000996 0 26293490 43 15.980568630383 2019_official_m10p100f1t50p1m10 0
CD000996 0 26293490 43 15.980568630383 2019_official_m10p100f1t50p1m10 0
CD000996 0 22046624 44 15.814042319261 2019_official_m10p100f1t50p1m10 0
CD000996 0 22046624 44 15.814042319261 2019_official_m10p100f1t50p1m10 0
CD000996 0 1198394 45 14.0654743004437 2019_official_m10p100f1t50p1m10 0
CD000996 0 1198394 45 14.0654743004437 2019_official_m10p100f1t50p1m10 0
CD000996 0 8984918 46 13.0802596820316 2019_official_m10p100f1t50p1m10 0
CD000996 0 8984918 46 13.0802596820316 2019_official_m10p100f1t50p1m10 0
CD000996 0 24913725 47 13.0414203550092 2019_official_m10p100f1t50p1m10 0
CD000996 0 24913725 47 13.0414203550092 2019_official_m10p100f1t50p1m10 0
CD000996 0 16548837 48 12.5653824731693 2019_official_m10p100f1t50p1m10 0
CD000996 0 16548837 48 12.5653824731693 2019_official_m10p100f1t50p1m10 0
CD000996 0 24853025 49 12.4589594783132 2019_official_m10p100f1t50p1m10 0
CD000996 0 24853025 49 12.4589594783132 2019_official_m10p100f1t50p1m10 0
CD000996 0 19064594 50 12.3284670478616 2019_official_m10p100f1t50p1m10 0
CD000996 0 19064594 50 12.3284670478616 2019_official_m10p100f1t50p1m10 0
CD001261 0 3492750 1 5.98697599919979 2019_official_m10p100f1t50p1m10 0
CD001261 0 4957973 2 5.46712150344896 2019_official_m10p100f1t50p1m10 0
CD001261 0 21301672 3 4.34523463877108 2019_official_m10p100f1t50p1m10 0
CD001261 0 16231259 4 4.20153775266182 2019_official_m10p100f1t50p1m10 0
CD001261 0 984617 5 4.06704073737396 2019_official_m10p100f1t50p1m10 0
CD001261 0 16887737 6 3.95451670965624 2019_official_m10p100f1t50p1m10 0
CD001261 0 10689239 7 3.94088749610518 2019_official_m10p100f1t50p1m10 0
CD001261 0 26920587 8 3.94088749610518 2019_official_m10p100f1t50p1m10 0
CD001261 0 21676350 9 3.9273519058561 2019_official_m10p100f1t50p1m10 0
CD001261 0 359524 10 3.91390897751971 2019_official_m10p100f1t50p1m10 0
CD001261 0 17928109 11 3.87412674553132 2019_official_m10p100f1t50p1m10 0
CD001261 0 8952202 12 3.87412674553132 2019_official_m10p100f1t50p1m10 0
CD001261 0 25912286 13 3.83514509502394 2019_official_m10p100f1t50p1m10 0
CD001261 0 22954612 14 3.79694010027075 2019_official_m10p100f1t50p1m10 0
CD001261 0 12864957 15 3.75948877951565 2019_official_m10p100f1t50p1m10 0
CD001261 0 19806505 16 3.73492899887817 2019_official_m10p100f1t50p1m10 0
CD001261 0 4978572 17 3.73206407292318 2019_official_m10p100f1t50p1m10 0
CD001261 0 24491597 18 3.69868514981225 2019_official_m10p100f1t50p1m10 0
CD001261 0 766526 19 3.69868514981225 2019_official_m10p100f1t50p1m10 0
CD001261 0 17582564 20 3.68675967890551 2019_official_m10p100f1t50p1m10 1
CD001261 0 4580180 21 8.29508839792551 2019_official_m10p100f1t50p1m10 0
CD001261 0 11754633 22 8.26075230791069 2019_official_m10p100f1t50p1m10 1
CD001261 0 21120717 23 9.70739350477856 2019_official_m10p100f1t50p1m10 0
CD001261 0 9486743 24 9.70739350477856 2019_official_m10p100f1t50p1m10 0
CD001261 0 9486745 25 9.70739350477856 2019_official_m10p100f1t50p1m10 0
CD001261 0 2883393 26 53.7557188465255 2019_official_m10p100f1t50p1m10 1
CD001261 0 2883393 26 53.7557188465255 2019_official_m10p100f1t50p1m10 1
CD001261 0 1976928 27 70.0877090529347 2019_official_m10p100f1t50p1m10 1
CD001261 0 1976928 27 70.0877090529347 2019_official_m10p100f1t50p1m10 1
CD001261 0 10506405 28 51.2148231106146 2019_official_m10p100f1t50p1m10 1
CD001261 0 10506405 28 51.2148231106146 2019_official_m10p100f1t50p1m10 1
CD001261 0 3375787 29 57.9387787260812 2019_official_m10p100f1t50p1m10 0
CD001261 0 3375787 29 57.9387787260812 2019_official_m10p100f1t50p1m10 0
CD001261 0 2180234 30 57.7540277864096 2019_official_m10p100f1t50p1m10 1
CD001261 0 2180234 30 57.7540277864096 2019_official_m10p100f1t50p1m10 1
CD001261 0 12268039 31 51.6022697870586 2019_official_m10p100f1t50p1m10 0
CD001261 0 12268039 31 51.6022697870586 2019_official_m10p100f1t50p1m10 0
CD001261 0 6307787 32 48.7824544804921 2019_official_m10p100f1t50p1m10 1
CD001261 0 6307787 32 48.7824544804921 2019_official_m10p100f1t50p1m10 1
CD001261 0 338191 33 48.3524300961255 2019_official_m10p100f1t50p1m10 1
CD001261 0 338191 33 48.3524300961255 2019_official_m10p100f1t50p1m10 1
CD001261 0 4594320 34 44.5964234852259 2019_official_m10p100f1t50p1m10 1
CD001261 0 4594320 34 44.5964234852259 2019_official_m10p100f1t50p1m10 1
CD001261 0 7037982 35 41.8126885981331 2019_official_m10p100f1t50p1m10 1
CD001261 0 7037982 35 41.8126885981331 2019_official_m10p100f1t50p1m10 1
CD001261 0 6998594 36 49.6188861408491 2019_official_m10p100f1t50p1m10 1
CD001261 0 4948415 37 42.072889389496 2019_official_m10p100f1t50p1m10 1
CD001261 0 782977 38 38.8743741261655 2019_official_m10p100f1t50p1m10 1
CD001261 0 2647863 39 36.554611493705 2019_official_m10p100f1t50p1m10 1
CD001261 0 2647863 39 36.554611493705 2019_official_m10p100f1t50p1m10 1
CD001261 0 821802 40 30.5357271135044 2019_official_m10p100f1t50p1m10 0
CD001261 0 5303665 41 29.8228775582351 2019_official_m10p100f1t50p1m10 0
CD001261 0 4591283 42 28.3824999024683 2019_official_m10p100f1t50p1m10 0
CD001261 0 14455590 43 27.4985052883907 2019_official_m10p100f1t50p1m10 1
CD001261 0 14455590 43 27.4985052883907 2019_official_m10p100f1t50p1m10 1
CD001261 0 4603994 44 27.1507929328582 2019_official_m10p100f1t50p1m10 0
CD001261 0 4603994 44 27.1507929328582 2019_official_m10p100f1t50p1m10 0
CD001261 0 14198745 45 26.7861920003107 2019_official_m10p100f1t50p1m10 1
CD001261 0 14198745 45 26.7861920003107 2019_official_m10p100f1t50p1m10 1
CD001261 0 14196811 46 28.4357397092551 2019_official_m10p100f1t50p1m10 1
CD001261 0 14196811 46 28.4357397092551 2019_official_m10p100f1t50p1m10 1
CD001261 0 20604110 47 29.5135081302215 2019_official_m10p100f1t50p1m10 1
CD001261 0 20604110 47 29.5135081302215 2019_official_m10p100f1t50p1m10 1
CD001261 0 764996 48 30.3430943368565 2019_official_m10p100f1t50p1m10 1
CD001261 0 5307603 49 30.7618215008251 2019_official_m10p100f1t50p1m10 1
CD001261 0 5296128 50 30.9588650116285 2019_official_m10p100f1t50p1m10 1
CD001261 0 14290075 51 38.2769115480084 2019_official_m10p100f1t50p1m10 0
CD001261 0 5004428 52 30.66164583521 2019_official_m10p100f1t50p1m10 0
CD001261 0 5296393 53 29.6077572362642 2019_official_m10p100f1t50p1m10 1
CD001261 0 5301381 54 27.1222578000762 2019_official_m10p100f1t50p1m10 0
CD001261 0 13472436 55 26.6041804611837 2019_official_m10p100f1t50p1m10 1
CD001261 0 5937234 56 26.6413874786865 2019_official_m10p100f1t50p1m10 0
CD001261 0 1033223 57 25.9374814480283 2019_official_m10p100f1t50p1m10 0
CD004414 0 19202672 1 8.00261420923506 2019_official_m10p100f1t50p1m10 0
CD004414 0 17101004 2 7.90249724258799 2019_official_m10p100f1t50p1m10 0
CD004414 0 16650095 3 7.7442654136713 2019_official_m10p100f1t50p1m10 1
CD004414 0 15573643 4 13.0158382114407 2019_official_m10p100f1t50p1m10 1
CD004414 0 23844768 5 14.1656032141595 2019_official_m10p100f1t50p1m10 0
CD004414 0 12768427 6 14.0381837231086 2019_official_m10p100f1t50p1m10 0
CD004414 0 11918580 7 13.3380792892443 2019_official_m10p100f1t50p1m10 0
CD004414 0 8672794 8 12.8534506449387 2019_official_m10p100f1t50p1m10 0
CD004414 0 14641355 9 12.1636112241463 2019_official_m10p100f1t50p1m10 0
CD004414 0 2138952 10 12.0249496963169 2019_official_m10p100f1t50p1m10 0
CD004414 0 11123415 11 11.719887533994 2019_official_m10p100f1t50p1m10 0
CD004414 0 15030340 12 11.5730881138745 2019_official_m10p100f1t50p1m10 0
CD004414 0 17312364 13 11.429434627127 2019_official_m10p100f1t50p1m10 0
CD004414 0 15186378 14 11.3773606147673 2019_official_m10p100f1t50p1m10 0
CD004414 0 8000494 15 11.2216901995851 2019_official_m10p100f1t50p1m10 0
CD004414 0 23808934 16 10.8910026947634 2019_official_m10p100f1t50p1m10 0
CD004414 0 15280891 17 10.6547729097177 2019_official_m10p100f1t50p1m10 0
CD004414 0 15785948 18 10.640162145212 2019_official_m10p100f1t50p1m10 0
CD004414 0 20456103 19 10.3135438587642 2019_official_m10p100f1t50p1m10 0
CD004414 0 15996346 20 9.82708254328837 2019_official_m10p100f1t50p1m10 0
CD004414 0 18005316 21 9.60725696702328 2019_official_m10p100f1t50p1m10 0
CD004414 0 2566226 22 9.55990874797258 2019_official_m10p100f1t50p1m10 0
CD004414 0 15807812 23 9.54138117668412 2019_official_m10p100f1t50p1m10 0
CD004414 0 24102685 24 9.40514413928223 2019_official_m10p100f1t50p1m10 0
CD004414 0 21084020 25 9.30533952377266 2019_official_m10p100f1t50p1m10 0
CD004414 0 19438864 26 48.7336000118987 2019_official_m10p100f1t50p1m10 0
CD004414 0 19438864 26 48.7336000118987 2019_official_m10p100f1t50p1m10 0
CD004414 0 11907497 27 47.090506115528 2019_official_m10p100f1t50p1m10 0
CD004414 0 11907497 27 47.090506115528 2019_official_m10p100f1t50p1m10 0
CD004414 0 20536474 28 45.8103639708553 2019_official_m10p100f1t50p1m10 0
CD004414 0 20536474 28 45.8103639708553 2019_official_m10p100f1t50p1m10 0
CD004414 0 20199550 29 45.7849159716386 2019_official_m10p100f1t50p1m10 0
CD004414 0 20199550 29 45.7849159716386 2019_official_m10p100f1t50p1m10 0
CD004414 0 25431315 30 45.48157048808 2019_official_m10p100f1t50p1m10 1
CD004414 0 25431315 30 45.48157048808 2019_official_m10p100f1t50p1m10 1
CD004414 0 24828091 31 94.3650048899687 2019_official_m10p100f1t50p1m10 1
CD004414 0 24828091 31 94.3650048899687 2019_official_m10p100f1t50p1m10 1
CD004414 0 21867490 32 64.676365158798 2019_official_m10p100f1t50p1m10 1
CD004414 0 21867490 32 64.676365158798 2019_official_m10p100f1t50p1m10 1
CD004414 0 26573488 33 53.8319068178183 2019_official_m10p100f1t50p1m10 1
CD004414 0 26573488 33 53.8319068178183 2019_official_m10p100f1t50p1m10 1
CD004414 0 26987818 34 49.6136096302002 2019_official_m10p100f1t50p1m10 0
CD004414 0 26987818 34 49.6136096302002 2019_official_m10p100f1t50p1m10 0
CD004414 0 16426292 35 43.1685290163677 2019_official_m10p100f1t50p1m10 0
CD004414 0 16426292 35 43.1685290163677 2019_official_m10p100f1t50p1m10 0
CD004414 0 20807407 36 41.743777137021 2019_official_m10p100f1t50p1m10 0
CD004414 0 20807407 36 41.743777137021 2019_official_m10p100f1t50p1m10 0
CD004414 0 24245553 37 40.2952703252839 2019_official_m10p100f1t50p1m10 0
CD004414 0 24245553 37 40.2952703252839 2019_official_m10p100f1t50p1m10 0
CD004414 0 23236031 38 39.5587851053165 2019_official_m10p100f1t50p1m10 0
CD004414 0 23236031 38 39.5587851053165 2019_official_m10p100f1t50p1m10 0
CD004414 0 22691871 39 38.7418232071412 2019_official_m10p100f1t50p1m10 0
CD004414 0 22691871 39 38.7418232071412 2019_official_m10p100f1t50p1m10 0
CD004414 0 25739424 40 36.7158788311321 2019_official_m10p100f1t50p1m10 0
CD004414 0 25739424 40 36.7158788311321 2019_official_m10p100f1t50p1m10 0
CD004414 0 19804591 41 35.438072414127 2019_official_m10p100f1t50p1m10 1
CD004414 0 19804591 41 35.438072414127 2019_official_m10p100f1t50p1m10 1
CD004414 0 21974692 42 34.7711675839352 2019_official_m10p100f1t50p1m10 0
CD004414 0 21974692 42 34.7711675839352 2019_official_m10p100f1t50p1m10 0
CD004414 0 27113249 43 34.3149438783163 2019_official_m10p100f1t50p1m10 0
CD004414 0 27113249 43 34.3149438783163 2019_official_m10p100f1t50p1m10 0
CD004414 0 24766387 44 34.119647962898 2019_official_m10p100f1t50p1m10 0
CD004414 0 24766387 44 34.119647962898 2019_official_m10p100f1t50p1m10 0
CD004414 0 19951404 45 34.0901717932306 2019_official_m10p100f1t50p1m10 0
CD004414 0 19951404 45 34.0901717932306 2019_official_m10p100f1t50p1m10 0
CD004414 0 18972125 46 33.902152525246 2019_official_m10p100f1t50p1m10 1
CD004414 0 18972125 46 33.902152525246 2019_official_m10p100f1t50p1m10 1
CD004414 0 11298697 47 34.5970403030762 2019_official_m10p100f1t50p1m10 1
CD004414 0 11298697 47 34.5970403030762 2019_official_m10p100f1t50p1m10 1
CD004414 0 7935145 48 30.9599068267999 2019_official_m10p100f1t50p1m10 1
CD004414 0 7935145 48 30.9599068267999 2019_official_m10p100f1t50p1m10 1
CD004414 0 9924451 49 29.0373556119397 2019_official_m10p100f1t50p1m10 0
CD004414 0 9924451 49 29.0373556119397 2019_official_m10p100f1t50p1m10 0
CD004414 0 10926708 50 28.5924161453327 2019_official_m10p100f1t50p1m10 1
CD004414 0 10926708 50 28.5924161453327 2019_official_m10p100f1t50p1m10 1
CD006468 0 2618981 1 10.8181969370246 2019_official_m10p100f1t50p1m10 0
CD006468 0 14980999 2 10.3280989455235 2019_official_m10p100f1t50p1m10 0
CD006468 0 27766659 3 10.1241644669512 2019_official_m10p100f1t50p1m10 0
CD006468 0 3039833 4 9.88029896609562 2019_official_m10p100f1t50p1m10 0
CD006468 0 16340833 5 9.5262321148321 2019_official_m10p100f1t50p1m10 0
CD006468 0 14870792 6 9.42619271088702 2019_official_m10p100f1t50p1m10 0
CD006468 0 15334865 7 9.00581860074059 2019_official_m10p100f1t50p1m10 0
CD006468 0 16131048 8 8.90848534021847 2019_official_m10p100f1t50p1m10 0
CD006468 0 16044753 9 8.89320030405712 2019_official_m10p100f1t50p1m10 1
CD006468 0 19009679 10 13.4047886351115 2019_official_m10p100f1t50p1m10 0
CD006468 0 18755652 11 13.2123133359018 2019_official_m10p100f1t50p1m10 0
CD006468 0 12904704 12 11.697225508846 2019_official_m10p100f1t50p1m10 0
CD006468 0 26914084 13 11.6682976777955 2019_official_m10p100f1t50p1m10 0
CD006468 0 25063013 14 10.1350499057035 2019_official_m10p100f1t50p1m10 0
CD006468 0 18094721 15 9.95907750942101 2019_official_m10p100f1t50p1m10 0
CD006468 0 2796884 16 9.95822035058378 2019_official_m10p100f1t50p1m10 0
CD006468 0 19687734 17 9.82254202426505 2019_official_m10p100f1t50p1m10 0
CD006468 0 12520161 18 9.82113824266109 2019_official_m10p100f1t50p1m10 0
CD006468 0 15639113 19 9.70494284872042 2019_official_m10p100f1t50p1m10 0
CD006468 0 16637461 20 9.70494284872042 2019_official_m10p100f1t50p1m10 0
CD006468 0 9288462 21 9.26141809527558 2019_official_m10p100f1t50p1m10 0
CD006468 0 8462905 22 9.19140879889798 2019_official_m10p100f1t50p1m10 0
CD006468 0 17432275 23 9.1592022526663 2019_official_m10p100f1t50p1m10 0
CD006468 0 15303776 24 9.05686627522872 2019_official_m10p100f1t50p1m10 0
CD006468 0 8071393 25 8.8743806481605 2019_official_m10p100f1t50p1m10 0
CD006468 0 23542046 26 14.7864140225304 2019_official_m10p100f1t50p1m10 0
CD006468 0 23542046 26 14.7864140225304 2019_official_m10p100f1t50p1m10 0
CD006468 0 9198139 27 14.0484154149203 2019_official_m10p100f1t50p1m10 0
CD006468 0 9198139 27 14.0484154149203 2019_official_m10p100f1t50p1m10 0
CD006468 0 7509509 28 13.7356917774805 2019_official_m10p100f1t50p1m10 0
CD006468 0 7509509 28 13.7356917774805 2019_official_m10p100f1t50p1m10 0
CD006468 0 7992021 29 13.6815545662396 2019_official_m10p100f1t50p1m10 0
CD006468 0 7992021 29 13.6815545662396 2019_official_m10p100f1t50p1m10 0
CD006468 0 1221227 30 13.5136546187072 2019_official_m10p100f1t50p1m10 0
CD006468 0 1221227 30 13.5136546187072 2019_official_m10p100f1t50p1m10 0
CD006468 0 6083956 31 13.1873665425105 2019_official_m10p100f1t50p1m10 0
CD006468 0 6083956 31 13.1873665425105 2019_official_m10p100f1t50p1m10 0
CD006468 0 6832015 32 13.1486762960056 2019_official_m10p100f1t50p1m10 0
CD006468 0 6832015 32 13.1486762960056 2019_official_m10p100f1t50p1m10 0
CD006468 0 1098726 33 13.1386193344259 2019_official_m10p100f1t50p1m10 0
CD006468 0 1098726 33 13.1386193344259 2019_official_m10p100f1t50p1m10 0
CD006468 0 21455855 34 12.9830741887485 2019_official_m10p100f1t50p1m10 0
CD006468 0 21455855 34 12.9830741887485 2019_official_m10p100f1t50p1m10 0
CD006468 0 10646078 35 12.7992557445134 2019_official_m10p100f1t50p1m10 1
CD006468 0 10646078 35 12.7992557445134 2019_official_m10p100f1t50p1m10 1
CD006468 0 11680834 36 33.6727800331225 2019_official_m10p100f1t50p1m10 0
CD006468 0 11680834 36 33.6727800331225 2019_official_m10p100f1t50p1m10 0
CD006468 0 16080578 37 33.1953786209696 2019_official_m10p100f1t50p1m10 1
CD006468 0 16080578 37 33.1953786209696 2019_official_m10p100f1t50p1m10 1
CD006468 0 10569501 38 78.2647179024477 2019_official_m10p100f1t50p1m10 0
CD006468 0 10569501 38 78.2647179024477 2019_official_m10p100f1t50p1m10 0
CD006468 0 11885848 39 77.9519131083517 2019_official_m10p100f1t50p1m10 1
CD006468 0 11885848 39 77.9519131083517 2019_official_m10p100f1t50p1m10 1
CD006468 0 16369969 40 54.6553204845704 2019_official_m10p100f1t50p1m10 0
CD006468 0 16369969 40 54.6553204845704 2019_official_m10p100f1t50p1m10 0
CD006468 0 9198142 41 53.7640350226047 2019_official_m10p100f1t50p1m10 0
CD006468 0 9198142 41 53.7640350226047 2019_official_m10p100f1t50p1m10 0
CD006468 0 22703114 42 50.3148552486259 2019_official_m10p100f1t50p1m10 0
CD006468 0 22703114 42 50.3148552486259 2019_official_m10p100f1t50p1m10 0
CD006468 0 12887943 43 48.6311047904966 2019_official_m10p100f1t50p1m10 0
CD006468 0 12887943 43 48.6311047904966 2019_official_m10p100f1t50p1m10 0
CD006468 0 17878131 44 47.1880924941329 2019_official_m10p100f1t50p1m10 0
CD006468 0 17878131 44 47.1880924941329 2019_official_m10p100f1t50p1m10 0
CD006468 0 19491122 45 46.8130791112586 2019_official_m10p100f1t50p1m10 0
CD006468 0 19491122 45 46.8130791112586 2019_official_m10p100f1t50p1m10 0
CD006468 0 15477645 46 46.7879948152369 2019_official_m10p100f1t50p1m10 0
CD006468 0 15477645 46 46.7879948152369 2019_official_m10p100f1t50p1m10 0
CD006468 0 12586814 47 46.6924190829741 2019_official_m10p100f1t50p1m10 0
CD006468 0 12586814 47 46.6924190829741 2019_official_m10p100f1t50p1m10 0
CD006468 0 15454250 48 46.3533869634817 2019_official_m10p100f1t50p1m10 0
CD006468 0 15454250 48 46.3533869634817 2019_official_m10p100f1t50p1m10 0
CD006468 0 19217973 49 46.0376005877457 2019_official_m10p100f1t50p1m10 0
CD006468 0 19217973 49 46.0376005877457 2019_official_m10p100f1t50p1m10 0
CD006468 0 10473927 50 44.4347794241525 2019_official_m10p100f1t50p1m10 0
CD006468 0 10473927 50 44.4347794241525 2019_official_m10p100f1t50p1m10 0
CD007867 0 25629747 1 8.89617122851006 2019_official_m10p100f1t50p1m10 0
CD007867 0 25629748 2 8.89617122851006 2019_official_m10p100f1t50p1m10 0
CD007867 0 25629749 3 8.89617122851006 2019_official_m10p100f1t50p1m10 0
CD007867 0 25629750 4 8.89617122851006 2019_official_m10p100f1t50p1m10 0
CD007867 0 26275119 5 8.20516834186335 2019_official_m10p100f1t50p1m10 0
CD007867 0 11882397 6 7.90550712682622 2019_official_m10p100f1t50p1m10 1
CD007867 0 26084508 7 13.2274717963437 2019_official_m10p100f1t50p1m10 0
CD007867 0 7922450 8 12.6568942893004 2019_official_m10p100f1t50p1m10 0
CD007867 0 26539443 9 12.4096617850694 2019_official_m10p100f1t50p1m10 0
CD007867 0 17119168 10 12.3581090282689 2019_official_m10p100f1t50p1m10 0
CD007867 0 20852184 11 12.1398560619986 2019_official_m10p100f1t50p1m10 0
CD007867 0 19496380 12 11.9770637390189 2019_official_m10p100f1t50p1m10 0
CD007867 0 23883571 13 11.8996769412839 2019_official_m10p100f1t50p1m10 1
CD007867 0 8252439 14 13.6456983568714 2019_official_m10p100f1t50p1m10 0
CD007867 0 25332331 15 13.374456347342 2019_official_m10p100f1t50p1m10 1
CD007867 0 17327740 16 13.3061617550546 2019_official_m10p100f1t50p1m10 0
CD007867 0 22411521 17 13.1846666470582 2019_official_m10p100f1t50p1m10 0
CD007867 0 7593897 18 13.1846666470582 2019_official_m10p100f1t50p1m10 1
CD007867 0 27016160 19 13.7624962826347 2019_official_m10p100f1t50p1m10 0
CD007867 0 11975921 20 13.6738089986438 2019_official_m10p100f1t50p1m10 0
CD007867 0 22309755 21 13.4317307089993 2019_official_m10p100f1t50p1m10 0
CD007867 0 20004079 22 13.3634422005006 2019_official_m10p100f1t50p1m10 0
CD007867 0 22411511 23 13.0836213099841 2019_official_m10p100f1t50p1m10 0
CD007867 0 19490739 24 12.9637201176479 2019_official_m10p100f1t50p1m10 0
CD007867 0 17967380 25 12.8849994656926 2019_official_m10p100f1t50p1m10 0
CD007867 0 22569619 26 106.562150822048 2019_official_m10p100f1t50p1m10 0
CD007867 0 22569619 26 106.562150822048 2019_official_m10p100f1t50p1m10 0
CD007867 0 16509783 27 104.727133220681 2019_official_m10p100f1t50p1m10 0
CD007867 0 16509783 27 104.727133220681 2019_official_m10p100f1t50p1m10 0
CD007867 0 11010935 28 101.091735890856 2019_official_m10p100f1t50p1m10 0
CD007867 0 11010935 28 101.091735890856 2019_official_m10p100f1t50p1m10 0
CD007867 0 23135707 29 99.9125169202374 2019_official_m10p100f1t50p1m10 0
CD007867 0 23135707 29 99.9125169202374 2019_official_m10p100f1t50p1m10 0
CD007867 0 21270385 30 97.9186924111027 2019_official_m10p100f1t50p1m10 1
CD007867 0 21270385 30 97.9186924111027 2019_official_m10p100f1t50p1m10 1
CD007867 0 3136196 31 82.6394730344769 2019_official_m10p100f1t50p1m10 0
CD007867 0 3136196 31 82.6394730344769 2019_official_m10p100f1t50p1m10 0
CD007867 0 11881303 32 77.6376086278841 2019_official_m10p100f1t50p1m10 0
CD007867 0 11881303 32 77.6376086278841 2019_official_m10p100f1t50p1m10 0
CD007867 0 11470731 33 72.3125684425453 2019_official_m10p100f1t50p1m10 0
CD007867 0 11470731 33 72.3125684425453 2019_official_m10p100f1t50p1m10 0
CD007867 0 11744338 34 69.8071812574488 2019_official_m10p100f1t50p1m10 0
CD007867 0 11744338 34 69.8071812574488 2019_official_m10p100f1t50p1m10 0
CD007867 0 12005464 35 69.7694864694402 2019_official_m10p100f1t50p1m10 0
CD007867 0 12005464 35 69.7694864694402 2019_official_m10p100f1t50p1m10 0
CD007867 0 23737948 36 68.8630578559605 2019_official_m10p100f1t50p1m10 0
CD007867 0 23737948 36 68.8630578559605 2019_official_m10p100f1t50p1m10 0
CD007867 0 10758361 37 68.3127200358675 2019_official_m10p100f1t50p1m10 0
CD007867 0 10758361 37 68.3127200358675 2019_official_m10p100f1t50p1m10 0
CD007867 0 12056791 38 67.859018824352 2019_official_m10p100f1t50p1m10 0
CD007867 0 12056791 38 67.859018824352 2019_official_m10p100f1t50p1m10 0
CD007867 0 27403176 39 67.4010298910852 2019_official_m10p100f1t50p1m10 0
CD007867 0 27403176 39 67.4010298910852 2019_official_m10p100f1t50p1m10 0
CD007867 0 15772383 40 66.5754005169255 2019_official_m10p100f1t50p1m10 1
CD007867 0 15772383 40 66.5754005169255 2019_official_m10p100f1t50p1m10 1
CD007867 0 8400745 41 57.6743172811149 2019_official_m10p100f1t50p1m10 0
CD007867 0 8400745 41 57.6743172811149 2019_official_m10p100f1t50p1m10 0
CD007867 0 21340655 42 56.8351952167683 2019_official_m10p100f1t50p1m10 0
CD007867 0 21340655 42 56.8351952167683 2019_official_m10p100f1t50p1m10 0
CD007867 0 3087701 43 56.8310337573156 2019_official_m10p100f1t50p1m10 0
CD007867 0 3087701 43 56.8310337573156 2019_official_m10p100f1t50p1m10 0
CD007867 0 9934058 44 56.1075325032353 2019_official_m10p100f1t50p1m10 0
CD007867 0 9934058 44 56.1075325032353 2019_official_m10p100f1t50p1m10 0
CD007867 0 24740496 45 55.5760433247551 2019_official_m10p100f1t50p1m10 0
CD007867 0 24740496 45 55.5760433247551 2019_official_m10p100f1t50p1m10 0
CD007867 0 15673887 46 55.5306988647503 2019_official_m10p100f1t50p1m10 0
CD007867 0 15673887 46 55.5306988647503 2019_official_m10p100f1t50p1m10 0
CD007867 0 16132885 47 55.186849802655 2019_official_m10p100f1t50p1m10 0
CD007867 0 16132885 47 55.186849802655 2019_official_m10p100f1t50p1m10 0
CD007867 0 26228321 48 55.0949688638323 2019_official_m10p100f1t50p1m10 0
CD007867 0 26228321 48 55.0949688638323 2019_official_m10p100f1t50p1m10 0
CD007867 0 2501372 49 54.9253979606855 2019_official_m10p100f1t50p1m10 0
CD007867 0 2501372 49 54.9253979606855 2019_official_m10p100f1t50p1m10 0
CD007867 0 22702088 50 54.7875581561807 2019_official_m10p100f1t50p1m10 0
CD007867 0 22702088 50 54.7875581561807 2019_official_m10p100f1t50p1m10 0
