CD000996 0 10325928 1 4.03682922605212 2019_official_m10p100f0t10p1m10 0
CD000996 0 8745755 2 3.57385815275344 2019_official_m10p100f0t10p1m10 0
CD000996 0 10612158 3 3.45534324929204 2019_official_m10p100f0t10p1m10 0
CD000996 0 9713457 4 3.45534324929204 2019_official_m10p100f0t10p1m10 0
CD000996 0 27329097 5 3.44107928156352 2019_official_m10p100f0t10p1m10 0
CD000996 0 11560305 6 39.0455847762131 2019_official_m10p100f0t10p1m10 0
CD000996 0 11560305 6 39.0455847762131 2019_official_m10p100f0t10p1m10 0
CD000996 0 8758507 7 37.7936051995279 2019_official_m10p100f0t10p1m10 0
CD000996 0 8758507 7 37.7936051995279 2019_official_m10p100f0t10p1m10 0
CD000996 0 12477240 8 37.2930387480393 2019_official_m10p100f0t10p1m10 0
CD000996 0 12477240 8 37.2930387480393 2019_official_m10p100f0t10p1m10 0
CD000996 0 9866981 9 90.8683420122821 2019_official_m10p100f0t10p1m10 0
CD000996 0 9866981 9 90.8683420122821 2019_official_m10p100f0t10p1m10 0
CD000996 0 18023137 10 105.908567454205 2019_official_m10p100f0t10p1m10 0
CD000996 0 18023137 10 105.908567454205 2019_official_m10p100f0t10p1m10 0
CD001261 0 3492750 1 5.98697599919979 2019_official_m10p100f0t10p1m10 0
CD001261 0 4957973 2 5.46712150344896 2019_official_m10p100f0t10p1m10 0
CD001261 0 21301672 3 4.34523463877108 2019_official_m10p100f0t10p1m10 0
CD001261 0 16231259 4 4.20153775266182 2019_official_m10p100f0t10p1m10 0
CD001261 0 984617 5 4.06704073737396 2019_official_m10p100f0t10p1m10 0
CD001261 0 683932 6 45.3457496988266 2019_official_m10p100f0t10p1m10 0
CD001261 0 683932 6 45.3457496988266 2019_official_m10p100f0t10p1m10 0
CD001261 0 7136294 7 42.8269691137221 2019_official_m10p100f0t10p1m10 0
CD001261 0 7136294 7 42.8269691137221 2019_official_m10p100f0t10p1m10 0
CD001261 0 24399343 8 40.7471902713149 2019_official_m10p100f0t10p1m10 0
CD001261 0 24399343 8 40.7471902713149 2019_official_m10p100f0t10p1m10 0
CD001261 0 26920587 9 109.50776937583 2019_official_m10p100f0t10p1m10 0
CD001261 0 26920587 9 109.50776937583 2019_official_m10p100f0t10p1m10 0
CD001261 0 4679478 10 102.434608585012 2019_official_m10p100f0t10p1m10 0
CD001261 0 4679478 10 102.434608585012 2019_official_m10p100f0t10p1m10 0
CD004414 0 19202672 1 8.00261420923506 2019_official_m10p100f0t10p1m10 0
CD004414 0 17101004 2 7.90249724258799 2019_official_m10p100f0t10p1m10 0
CD004414 0 16650095 3 7.7442654136713 2019_official_m10p100f0t10p1m10 1
CD004414 0 15573643 4 13.0158382114407 2019_official_m10p100f0t10p1m10 1
CD004414 0 15186378 5 19.2241870053117 2019_official_m10p100f0t10p1m10 0
CD004414 0 20536474 6 44.5616624324525 2019_official_m10p100f0t10p1m10 0
CD004414 0 20536474 6 44.5616624324525 2019_official_m10p100f0t10p1m10 0
CD004414 0 11907497 7 42.2201154674949 2019_official_m10p100f0t10p1m10 0
CD004414 0 11907497 7 42.2201154674949 2019_official_m10p100f0t10p1m10 0
CD004414 0 19438864 8 41.1161898204912 2019_official_m10p100f0t10p1m10 0
CD004414 0 19438864 8 41.1161898204912 2019_official_m10p100f0t10p1m10 0
CD004414 0 20199550 9 52.7864192611165 2019_official_m10p100f0t10p1m10 0
CD004414 0 20199550 9 52.7864192611165 2019_official_m10p100f0t10p1m10 0
CD004414 0 25431315 10 51.2817112699602 2019_official_m10p100f0t10p1m10 1
CD004414 0 25431315 10 51.2817112699602 2019_official_m10p100f0t10p1m10 1
CD006468 0 2618981 1 10.8181969370246 2019_official_m10p100f0t10p1m10 0
CD006468 0 14980999 2 10.3280989455235 2019_official_m10p100f0t10p1m10 0
CD006468 0 27766659 3 10.1241644669512 2019_official_m10p100f0t10p1m10 0
CD006468 0 3039833 4 9.88029896609562 2019_official_m10p100f0t10p1m10 0
CD006468 0 16340833 5 9.5262321148321 2019_official_m10p100f0t10p1m10 0
CD006468 0 26729187 6 43.4796588255612 2019_official_m10p100f0t10p1m10 0
CD006468 0 26729187 6 43.4796588255612 2019_official_m10p100f0t10p1m10 0
CD006468 0 12871280 7 40.0243397499132 2019_official_m10p100f0t10p1m10 0
CD006468 0 12871280 7 40.0243397499132 2019_official_m10p100f0t10p1m10 0
CD006468 0 19247020 8 38.1225736089079 2019_official_m10p100f0t10p1m10 0
CD006468 0 19247020 8 38.1225736089079 2019_official_m10p100f0t10p1m10 0
CD006468 0 19228604 9 105.021422473189 2019_official_m10p100f0t10p1m10 0
CD006468 0 19228604 9 105.021422473189 2019_official_m10p100f0t10p1m10 0
CD006468 0 25740182 10 117.508353357329 2019_official_m10p100f0t10p1m10 0
CD006468 0 25740182 10 117.508353357329 2019_official_m10p100f0t10p1m10 0
CD007867 0 25629747 1 8.89617122851006 2019_official_m10p100f0t10p1m10 0
CD007867 0 25629748 2 8.89617122851006 2019_official_m10p100f0t10p1m10 0
CD007867 0 25629749 3 8.89617122851006 2019_official_m10p100f0t10p1m10 0
CD007867 0 25629750 4 8.89617122851006 2019_official_m10p100f0t10p1m10 0
CD007867 0 26275119 5 8.20516834186335 2019_official_m10p100f0t10p1m10 0
CD007867 0 21178472 6 11.5555576954333 2019_official_m10p100f0t10p1m10 0
CD007867 0 21178472 6 11.5555576954333 2019_official_m10p100f0t10p1m10 0
CD007867 0 20795418 7 11.2986164344112 2019_official_m10p100f0t10p1m10 0
CD007867 0 20795418 7 11.2986164344112 2019_official_m10p100f0t10p1m10 0
CD007867 0 9191677 8 10.8224604965914 2019_official_m10p100f0t10p1m10 0
CD007867 0 9191677 8 10.8224604965914 2019_official_m10p100f0t10p1m10 0
CD007867 0 8828077 9 94.7053892495699 2019_official_m10p100f0t10p1m10 0
CD007867 0 8828077 9 94.7053892495699 2019_official_m10p100f0t10p1m10 0
CD007867 0 9553478 10 93.8035183837056 2019_official_m10p100f0t10p1m10 0
CD007867 0 9553478 10 93.8035183837056 2019_official_m10p100f0t10p1m10 0
CD008874 0 9509203 1 12.2318331310427 2019_official_m10p100f0t10p1m10 1
CD008874 0 23634563 2 17.4550354308985 2019_official_m10p100f0t10p1m10 0
CD008874 0 8908216 3 16.263837689959 2019_official_m10p100f0t10p1m10 0
CD008874 0 3684366 4 15.8746176308934 2019_official_m10p100f0t10p1m10 0
CD008874 0 25024473 5 15.9302133403207 2019_official_m10p100f0t10p1m10 1
CD008874 0 11013469 6 85.8172352218451 2019_official_m10p100f0t10p1m10 1
CD008874 0 11013469 6 85.8172352218451 2019_official_m10p100f0t10p1m10 1
CD008874 0 24130949 7 86.5908650067815 2019_official_m10p100f0t10p1m10 0
CD008874 0 24130949 7 86.5908650067815 2019_official_m10p100f0t10p1m10 0
CD008874 0 21957403 8 84.3849584579551 2019_official_m10p100f0t10p1m10 1
CD008874 0 21957403 8 84.3849584579551 2019_official_m10p100f0t10p1m10 1
CD008874 0 25221769 9 93.8772722825758 2019_official_m10p100f0t10p1m10 1
CD008874 0 25221769 9 93.8772722825758 2019_official_m10p100f0t10p1m10 1
CD008874 0 25337530 10 109.029553941652 2019_official_m10p100f0t10p1m10 1
CD008874 0 25337530 10 109.029553941652 2019_official_m10p100f0t10p1m10 1
CD009044 0 25194515 1 9.55904011780888 2019_official_m10p100f0t10p1m10 0
CD009044 0 23807205 2 9.19918057673497 2019_official_m10p100f0t10p1m10 0
CD009044 0 24408339 3 9.10569163454797 2019_official_m10p100f0t10p1m10 0
CD009044 0 25604000 4 8.80051269313236 2019_official_m10p100f0t10p1m10 0
CD009044 0 22417187 5 8.68830321300792 2019_official_m10p100f0t10p1m10 0
CD009044 0 22849541 6 68.7045257148019 2019_official_m10p100f0t10p1m10 0
CD009044 0 22849541 6 68.7045257148019 2019_official_m10p100f0t10p1m10 0
CD009044 0 25325473 7 61.9232762972191 2019_official_m10p100f0t10p1m10 0
CD009044 0 25325473 7 61.9232762972191 2019_official_m10p100f0t10p1m10 0
CD009044 0 24573336 8 60.4261464286403 2019_official_m10p100f0t10p1m10 0
CD009044 0 24573336 8 60.4261464286403 2019_official_m10p100f0t10p1m10 0
CD009044 0 23782128 9 128.662802399082 2019_official_m10p100f0t10p1m10 0
CD009044 0 23782128 9 128.662802399082 2019_official_m10p100f0t10p1m10 0
CD009044 0 24735087 10 120.955184479904 2019_official_m10p100f0t10p1m10 0
CD009044 0 24735087 10 120.955184479904 2019_official_m10p100f0t10p1m10 0
CD009069 0 25104084 1 9.09980935778048 2019_official_m10p100f0t10p1m10 0
CD009069 0 21384341 2 9.00617389189325 2019_official_m10p100f0t10p1m10 0
CD009069 0 16597323 3 8.93720219220485 2019_official_m10p100f0t10p1m10 0
CD009069 0 22532127 4 8.93720219220485 2019_official_m10p100f0t10p1m10 0
CD009069 0 17259949 5 8.79746233519703 2019_official_m10p100f0t10p1m10 0
CD009069 0 18685274 6 78.2624934604028 2019_official_m10p100f0t10p1m10 0
CD009069 0 18685274 6 78.2624934604028 2019_official_m10p100f0t10p1m10 0
CD009069 0 18940889 7 75.8318578039698 2019_official_m10p100f0t10p1m10 0
CD009069 0 18940889 7 75.8318578039698 2019_official_m10p100f0t10p1m10 0
CD009069 0 24472154 8 75.1934951268502 2019_official_m10p100f0t10p1m10 0
CD009069 0 24472154 8 75.1934951268502 2019_official_m10p100f0t10p1m10 0
CD009069 0 18945402 9 143.54780271437 2019_official_m10p100f0t10p1m10 0
CD009069 0 18945402 9 143.54780271437 2019_official_m10p100f0t10p1m10 0
CD009069 0 12625127 10 148.115913625958 2019_official_m10p100f0t10p1m10 0
CD009069 0 12625127 10 148.115913625958 2019_official_m10p100f0t10p1m10 0
CD009642 0 18580181 1 11.7829982565924 2019_official_m10p100f0t10p1m10 1
CD009642 0 18844267 2 19.2201764157243 2019_official_m10p100f0t10p1m10 1
CD009642 0 24758776 3 21.8196905204912 2019_official_m10p100f0t10p1m10 1
CD009642 0 23251997 4 22.0283650765621 2019_official_m10p100f0t10p1m10 0
CD009642 0 9046850 5 21.1611694046306 2019_official_m10p100f0t10p1m10 0
CD009642 0 25275577 6 44.7353413492145 2019_official_m10p100f0t10p1m10 1
CD009642 0 25275577 6 44.7353413492145 2019_official_m10p100f0t10p1m10 1
CD009642 0 23011561 7 111.52138562984 2019_official_m10p100f0t10p1m10 1
CD009642 0 23011561 7 111.52138562984 2019_official_m10p100f0t10p1m10 1
CD009642 0 27076370 8 99.7983763336492 2019_official_m10p100f0t10p1m10 1
CD009642 0 27076370 8 99.7983763336492 2019_official_m10p100f0t10p1m10 1
CD009642 0 24216403 9 87.8576574972496 2019_official_m10p100f0t10p1m10 1
CD009642 0 24216403 9 87.8576574972496 2019_official_m10p100f0t10p1m10 1
CD009642 0 24036842 10 79.965981124602 2019_official_m10p100f0t10p1m10 1
CD009642 0 24036842 10 79.965981124602 2019_official_m10p100f0t10p1m10 1
CD010038 0 19116011 1 11.8728348503983 2019_official_m10p100f0t10p1m10 0
CD010038 0 3227562 2 11.8136264459489 2019_official_m10p100f0t10p1m10 0
CD010038 0 24852751 3 11.3469235221469 2019_official_m10p100f0t10p1m10 0
CD010038 0 19063650 4 11.3301449775762 2019_official_m10p100f0t10p1m10 0
CD010038 0 14770075 5 10.9004158624286 2019_official_m10p100f0t10p1m10 0
CD010038 0 17313667 6 74.0453972688322 2019_official_m10p100f0t10p1m10 0
CD010038 0 17313667 6 74.0453972688322 2019_official_m10p100f0t10p1m10 0
CD010038 0 23420119 7 69.7982400136703 2019_official_m10p100f0t10p1m10 0
CD010038 0 23420119 7 69.7982400136703 2019_official_m10p100f0t10p1m10 0
CD010038 0 1955576 8 66.9764652521214 2019_official_m10p100f0t10p1m10 0
CD010038 0 1955576 8 66.9764652521214 2019_official_m10p100f0t10p1m10 0
CD010038 0 1934234 9 142.970853667554 2019_official_m10p100f0t10p1m10 0
CD010038 0 1934234 9 142.970853667554 2019_official_m10p100f0t10p1m10 0
CD010038 0 6879012 10 174.399439491884 2019_official_m10p100f0t10p1m10 0
CD010038 0 6879012 10 174.399439491884 2019_official_m10p100f0t10p1m10 0
CD010239 0 25966608 1 14.3853482385321 2019_official_m10p100f0t10p1m10 1
CD010239 0 21746729 2 17.9203762482199 2019_official_m10p100f0t10p1m10 1
CD010239 0 21238983 3 17.7340872665279 2019_official_m10p100f0t10p1m10 0
CD010239 0 22621326 4 17.5006610665245 2019_official_m10p100f0t10p1m10 1
CD010239 0 18519476 5 19.28049746023 2019_official_m10p100f0t10p1m10 1
CD010239 0 28034908 6 27.9213239079219 2019_official_m10p100f0t10p1m10 1
